#Monthly Data upto 1 decimal in mm.
141  ALL-INDIA  RAINFALL  (1871-2011) 30 SUB 2,880,324 SQ.KM.
ALLIN1871R  196  107  144  339  636 2080 2778 1794 1835  368  323   67
ALLIN1872R   76   75   73  240  438 1892 2913 2451 1879  785  276  191
ALLIN1873R   36  135  150  243  428 1130 2644 2142 1656  607  115   89
ALLIN1874R   86  158  106  169  683 2278 3069 2334 2062  932  187   40
ALLIN1875R   98  113  130  232  505 1926 3079 2186 2105  566   63   71
ALLIN1876R    9   21  159  165  425 1232 2968 1956 1620  464   95   25
ALLIN1877R  291  234  240  353  674 1423 1564 1569 1483 1077  188  364
ALLIN1878R  108   91  102  361  665 1303 2940 3393 2124  798  273  140
ALLIN1879R   21  107   80   82  877 1900 2241 3220 1616  865  205   71
ALLIN1880R   38  165  151  211  495 1876 2717 1768 1840  877  528  111
ALLIN1881R   13   32  330  236  530 1606 2927 2646 1433  493  347   61
ALLIN1882R  100   94   90  188  596 2130 3311 1902 1685  739  596   61
ALLIN1883R  179   36  189  165  621 2043 2690 1879 1880  830  282  155
ALLIN1884R   70   74   82  203  383 1593 2924 2426 2385  866  269  304
ALLIN1885R   96   98  136  199  528 1940 2728 2479 1327  737  321  501
ALLIN1886R   48   12  222  124  711 1977 3159 2218 1390 1319  214  170
ALLIN1887R  175    6  148  209  551 1898 3013 2574 1507  879  411  130
ALLIN1888R  197  136  119  259  531 1323 2742 2800 1249  382  530   72
ALLIN1889R  106  134   66  243  448 2035 2797 2780 1693  940  253   68
ALLIN1890R   26   11  172  261  358 2279 3009 2141 1626  647  351  136
ALLIN1891R  114  134  348  207  595  833 2571 2297 2222  602  172   71
ALLIN1892R   53  106   56  328  541 1579 3138 3062 2134  993  126   69
ALLIN1893R  224  283  467  252  946 2416 2568 2309 2256  969  642   22
ALLIN1894R  114  144  181  247  359 2168 3114 2415 2017 1388  385  137
ALLIN1895R  109   77  118  376  415 1982 2566 2299 1388  793  134  119
ALLIN1896R   31   61   68  170  412 2034 2845 2633  772  149  435  174
ALLIN1897R   92  124  207  216  435 1425 2599 2904 1981  856  130   18
ALLIN1898R   21  307   28  211  375 1716 2929 2208 1992  654  392  125
ALLIN1899R   58   66   74  522  526 1951 1878 1441 1020  507   41   26
ALLIN1900R  153   67  103  385  406 1286 2521 2713 2372  489  104  141
ALLIN1901R  273  336  113  315  391 1149 2225 2590 1255  539  431   95
ALLIN1902R   66   25  101  353  418 1038 2796 1971 2112  697  278  269
ALLIN1903R   85   54  102  121  562 1269 2789 2593 1957 1288  434  152
ALLIN1904R   59   86  203  311  686 1795 2475 1970 1261  706   89   98
ALLIN1905R  127  144  286  271  476  907 2456 2052 1748  609   98   25
ALLIN1906R  151  385  219  135  327 1818 2875 2418 1738  543  199  264
ALLIN1907R   62  324  256  523  264 1541 2217 3013 1003  205  237  128
ALLIN1908R  156  126   67  156  390 1278 3164 2955 1573  424   59   18
ALLIN1909R  162   57   30  605  518 2098 2961 2225 1608  368  101  244
ALLIN1910R   54   42   79  211  357 2117 2377 2827 2028 1085  379    3
ALLIN1911R  162   13  240  196  441 1925 1533 2110 1794  725  414  114
ALLIN1912R   70  187  129  309  362 1058 3206 2579 1215  660  559   25
ALLIN1913R   11  310  163  204  701 2151 2642 1881 1169  731  178  208
ALLIN1914R   12  120  147  344  634 1615 3208 2328 1828  410  206  156
ALLIN1915R  183  256  390  259  631 1566 2298 2131 1810  887  545   61
ALLIN1916R   11   93   33  233  481 1991 2581 2897 2036 1473  508   29
ALLIN1917R   32  346  145  233  714 2143 2466 2755 2678 1595  316   45
ALLIN1918R  106   20  145  186  880 1812 1435 2204 1055  147  472  111
ALLIN1919R  374  122  115  203  512 1794 2712 2807 1531  707  589  137
ALLIN1920R  206   87  255  227  454 1426 2916 1628 1219  484  303    5
ALLIN1921R  295   22  110  319  295 1672 2666 2361 1958  663  191   46
ALLIN1922R  228   46   41  168  370 1803 2909 2027 1949  517  647   92
ALLIN1923R  107  263  158  207  398  936 2970 2604 1720  608  207  138
ALLIN1924R  140   70   54  226  406 1108 2999 2250 2269  617  628  105
ALLIN1925R   43   23   94  305  806 1871 2858 2133 1173  720  433  176
ALLIN1926R  266   50  417  270  517  815 2876 3236 2099  531  109   57
ALLIN1927R   79  232  163  233  440 1611 3194 2217 1507  613  611   93
ALLIN1928R   99  281   86  229  409 1541 2834 1982 1320 1238  169  168
ALLIN1929R  178  152   96  405  457 1828 2870 2212 1301  919  200  264
ALLIN1930R   88  116  113  249  536 1731 2801 1783 1729  973  593   97
ALLIN1931R   41  174   97  212  430 1148 2826 2898 1898 1282  464  245
ALLIN1932R   14  159  112  222  655 1121 3136 2041 1735  703  606   79
ALLIN1933R   78  202  106  359 1010 2023 2572 3102 2059  913  196  175
ALLIN1934R  146   74   87  257  332 2035 2547 2838 1712  692  341   51
ALLIN1935R  147  104   64  283  205 1402 3046 2217 1767  544  108   90
ALLIN1936R   60  291  182  187  837 2394 2604 2189 1895  702  624  103
ALLIN1937R   10  410  118  485  469 1557 3282 1891 1688  946  213  100
ALLIN1938R  115  145  154  193  645 2388 2677 2420 1596  782  167   32
ALLIN1939R   73  161  179  288  287 1474 2528 2367 1524  935  333   12
ALLIN1940R   75  171  341  193  672 1693 2883 2843 1112  722  455  150
ALLIN1941R  196  103   70  231  608 1642 2182 2098 1359  681  272  126
ALLIN1942R  133  274   92  341  425 1738 3224 2807 1806  382  206  222
ALLIN1943R  405   75  113  352  764 1533 2971 2137 2040  985  186   35
ALLIN1944R  188  280  505  238  400 1372 3460 2974 1397  954  300   88
ALLIN1945R  235   56   47  339  405 1588 3137 2257 2126  829  200   28
ALLIN1946R   10  110  151  431  527 2074 2822 2767 1372  884  850  316
ALLIN1947R  169  108  161  306  395 1227 2908 2960 2357  687   67  194
ALLIN1948R  254  141  118  275  651 1504 2794 2608 1831  659  815   35
ALLIN1949R   41  109   53  370  804 1380 2946 2382 2329  997  106   11
ALLIN1950R   58  178  223   80  439 1468 3229 2237 1835  520  331   72
ALLIN1951R   59   20  279  362  470 1551 2543 2075 1218  795  339    9
ALLIN1952R   22  114  153  273  646 1617 2765 2367 1178  811   63  180
ALLIN1953R  192   43  101  273  365 1563 3000 2868 1797  932  137   18
ALLIN1954R  128  162  118  197  442 1381 2837 2229 2405  797   18  134
ALLIN1955R  155   28  125  284  659 1797 2239 3039 2225 1451  315  106
ALLIN1956R   85   71  162  226  869 2079 3415 2537 1800 1524  484   89
ALLIN1957R  244   69  260  191  494 1453 2619 2603 1210  596  260   65
ALLIN1958R   70  106   97  281  602 1151 2899 2700 2141 1020  350   49
ALLIN1959R  203  102   96  227  584 1572 3211 2501 2156 1333  214   43
ALLIN1960R   89   11  232  130  554 1460 2776 2502 1657  760  391   50
ALLIN1961R  165  245  163  175  675 1870 3162 2737 2432 1257  186   70
ALLIN1962R   91  110  115  345  581 1059 2593 2362 2082  844  152  287
ALLIN1963R   73   51  141  321  471 1524 2396 3029 1628  988  228  100
ALLIN1964R   14   57   83  248  437 1437 3130 2636 2021  733  257   65
ALLIN1965R   55   92  149  243  346 1104 2668 1893 1427  362  158  221
ALLIN1966R  147   52   51  161  520 1658 2375 1982 1384  580  611  178
ALLIN1967R   92   27  527  225  333 1414 2924 2573 1688  420  131  496
ALLIN1968R  150  121  201  269  316 1364 2886 1947 1348  703  238   70
ALLIN1969R   40   28   95  241  557 1210 3004 2387 1709  596  438  139
ALLIN1970R  169  207  184  240  580 2108 2228 2989 2072  762  194    8
ALLIN1971R  114  103   93  460  701 2194 2493 2588 1592 1052  138  100
ALLIN1972R   25  131   48  205  448 1226 1838 2172 1292  633  308  160
ALLIN1973R   46  119   78  195  488 1412 2786 3074 1860 1259  196  178
ALLIN1974R   19   38  139  222  606 1059 2736 2281 1403 1065  119   42
ALLIN1975R   67   95  137  164  405 1801 2900 2646 2278 1217  250   27
ALLIN1976R   47   81  125  298  367 1418 2881 2786 1481  319  616   40
ALLIN1977R   70   57   84  489  719 1883 3106 2394 1447  893  714   85
ALLIN1978R   73  216  195  233  503 1996 2760 2735 1601  551  441  230
ALLIN1979R  146  272   99  157  405 1434 2258 1990 1395  461  883  120
ALLIN1980R   44   53  169  245  440 2150 2782 2534 1360  518  242  178
ALLIN1981R  163   73  247  275  583 1386 2889 2263 1983  509  292  128
ALLIN1982R  167  110  249  365  504 1296 2162 2684 1209  487  504   56
ALLIN1983R   73  106  126  353  549 1378 2737 2934 2507  899  122  262
ALLIN1984R  161  266  122  279  390 1738 2612 2591 1424  601  132   78
ALLIN1985R  171   69   96  236  439 1404 2534 2185 1474 1138  193  131
ALLIN1986R  147  280   75  310  435 1776 2384 2135 1134  706  386  169
ALLIN1987R  113   93  166  216  448 1158 2068 2370 1374  866  541  234
ALLIN1988R   25  111  188  319  502 1564 3232 2762 2056  501  225  102
ALLIN1989R   61   38  191  166  426 1835 2862 2310 1658  485  149  121
ALLIN1990R   51  256  237  299 1077 1721 2630 2833 1900 1007  334   88
ALLIN1991R   79   76  123  282  440 1795 2538 2311 1208  604  347  124
ALLIN1992R   62   94   48  150  449 1255 2329 2699 1565  631  487   69
ALLIN1993R   34  145  178  255  587 1836 2804 1985 2041  907  290  219
ALLIN1994R  131  198  130  392  403 2173 3215 2695 1444  896  332   36
ALLIN1995R  269  122  165  190  848 1285 2741 2324 1652  844  384   58
ALLIN1996R  131  176  131  262  422 1889 2440 2755 1502  953  162  158
ALLIN1997R  104   42  146  421  421 1811 2596 2631 1676  745  596  565
ALLIN1998R  140  149  257  275  451 1511 2566 2419 2097 1168  492  107
ALLIN1999R   41  115   30  148  950 1767 2472 2128 1852 1233  169   38
ALLIN2000R   54  252   76  292  810 1875 2490 2094 1323  426  134   71
ALLIN2001R   48   63  118  399  620 2305 2625 1887 1117 1130  222   65
ALLIN2002R  110  185  107  284  581 1726 1176 2391 1326  651  237   50
ALLIN2003R   47  273  180  275  305 1637 2847 2229 1782 1020  162  128
ALLIN2004R  131   38   57  452  825 1640 2195 2325 1287  898  168   18
ALLIN2005R  157  137  244  333  432 1477 3193 1832 2066 1163  277  100
ALLIN2006R   16   30  281  270  772 1579 2789 2704 1627  674  353   32
ALLIN2007R    9  352  128  315  470 1995 2781 2478 2096  585  183  105
ALLIN2008R  115  128  426  245  443 2163 2454 2506 1747  576  319   61
ALLIN2009R   24   16   87  130  510  782 2711 1798 1385  718  593  110
ALLIN2010R   60   54   79  279  551 1305 2805 2462 1884  693  693  211
ALLIN2011R   20  136   99  328  478 1923 2319 2684 1883  378  222   48
141 HOMOGENEOUS INDIA RAINFALL  (1871-2011) 15 SUB 1,596,966 SQ.KM.
HOMIN1871R  193   64    8   43  263 1941 2362 1304 1339  111  117   32
HOMIN1872R   28   34   33  130   63 1531 2761 2393 1549  295    8  162
HOMIN1873R   34  100   49   41  260  841 2369 2046 1765  156   57   62
HOMIN1874R   41   37   38   31  180 1946 3056 2209 1569  217   21    7
HOMIN1875R   14  124   27   52  145 1605 3219 1624 2260  311    8   56
HOMIN1876R    2    9   68   31   93  745 3033 1686 1468   78    9    0
HOMIN1877R  278  178  113  288  265 1296 1181 1200 1074  789   71  316
HOMIN1878R   66   83   27  192  293  966 3105 3369 1737  493   98   15
HOMIN1879R    6   99   18   16  393 1714 1478 3401 1105  528   74   24
HOMIN1880R    3   50   17   26   84 1385 2617 1182 2033  546  182   36
HOMIN1881R    3   31  226   92  115 1248 3249 2290 1071  229  174   16
HOMIN1882R   86   26    8   58  163 2079 3649 1281 1620  164  269    6
HOMIN1883R  137    1   99   20  235 1709 2516 1491 2179  586   85    2
HOMIN1884R   86   52   21   42   54 1359 3500 2257 2658  381    5  257
HOMIN1885R  101   50   58  113  329 1596 2533 2321  780  521  130  434
HOMIN1886R   41    6   94   19  287 1770 3026 1707  610 1092   55  149
HOMIN1887R  133    1    5   61   95 1483 3416 2492 1312  540  223   38
HOMIN1888R  208  128   37   33  103 1018 2472 2466  841  140  327    6
HOMIN1889R   45   87   26  107  186 1495 2595 2912 1127  651   11    1
HOMIN1890R    4    3   62   94   40 1813 2602 1928 1363  173  281  163
HOMIN1891R  118   68  187   87  128  352 2848 1888 2381  295    7    0
HOMIN1892R   71   62    1   64  141 1283 3074 2890 2511  711   42   60
HOMIN1893R  230  176  429   40  438 2231 2062 2394 2044  555  385   12
HOMIN1894R  139   75   60   43   56 2062 3335 1862 1979  793  153  136
HOMIN1895R  107   84   86  127   51 1738 2090 2078 1065  419   44   17
HOMIN1896R    7   21   16   32   57 1836 2983 2648  275   32  254   99
HOMIN1897R  103   49   35  138   99  858 2465 2758 1556  479    7    2
HOMIN1898R    3  313   13   73  105 1346 3161 1709 1478  194   82   61
HOMIN1899R    3   28    7  180  150 1498  944  887  523   49    0    2
HOMIN1900R   93   20   21  124  108  704 2323 3054 2191  152   23   86
HOMIN1901R  209  241  110  166  157  784 2154 2485  731  253   19    7
HOMIN1902R   37   19    6   73   86  586 2339 1681 1791  292  170  179
HOMIN1903R   46   17   30   21  323  706 3130 2367 1662  757   66   27
HOMIN1904R   27   55  212   25  217 1276 1941 1504 1188  423   21   62
HOMIN1905R  105   81   76   98  104  494 2252 1232 1526  188   15    8
HOMIN1906R   84  252  146    4   52 1620 2709 1918 1626  172   48  122
HOMIN1907R   40  332   87  330   42 1027 2070 3228  522   13   40   23
HOMIN1908R  103   94   46   52   77  924 3282 3196 1365   71    7   12
HOMIN1909R   55   54   22  349  114 1587 3022 1687 1410   71    7  231
HOMIN1910R   37    5    8   37   77 1915 1854 2666 1936  478  276    1
HOMIN1911R  134    4  199   20   54 1391 1202 1822 1317  308  255   18
HOMIN1912R   70  188    8   82   77  619 3271 2343  820  192  295    9
HOMIN1913R    5  218   73   45  299 1838 2512 1575  885  172   19  121
HOMIN1914R   11   49   94  147  204 1559 3213 1885 1807  114   96   47
HOMIN1915R  168  219  322  116  123 1273 1857 1629 1380  812   95   45
HOMIN1916R    8   81    3   37  233 1586 2265 2932 1887  982  358    0
HOMIN1917R   30  280  110  121  547 1806 2283 2933 2725 1295  102   11
HOMIN1918R   45   14   55   54  514 1170  997 1701  615   30  139   64
HOMIN1919R  368  125   92   75  215 1505 2472 3005 1080  461  256   49
HOMIN1920R  190   27   55   82  293 1095 2504 1215  687   79    1    0
HOMIN1921R  137    6    2   55    8 1350 2502 1709 1742  200   94   10
HOMIN1922R  231   39    0   59  100 1238 2559 1311 1819  168  396   55
HOMIN1923R   39  142  154   57  119  299 3176 2404 1454  153    8   52
HOMIN1924R  144   46   28   75   78  603 2464 2072 2004  470  210  104
HOMIN1925R    7    0   10   63  380 1673 2537 1695  741  342  284   22
HOMIN1926R  255   26  246  155  299  369 2515 3454 2106  252   14    9
HOMIN1927R   16  126   92   34   98 1308 3276 1948  994  423  472  126
HOMIN1928R   33  200   64   43   46 1123 2661 1824 1277  637   54  159
HOMIN1929R   69  158    6  136   66 1295 2774 1828 1073  323   13  177
HOMIN1930R   45   28   24  139  130 1463 2756 1408 1377  497  203   29
HOMIN1931R   31   85   59   46  123  733 2631 3100 1481 1141  280   50
HOMIN1932R    8   93   86   73  113  754 3500 1686 1545  442  176   28
HOMIN1933R   47  196   84  163  638 1770 2342 2987 2195  449  130  105
HOMIN1934R   49    0   77   82   23 1619 2268 3106 1724  185  267   35
HOMIN1935R  133   67   16  201   21 1056 3272 1581 1548  317   22   50
HOMIN1936R   48  245  116   46  225 2086 1878 1878 1528  306  564   47
HOMIN1937R    2  301  121  405   51 1368 3654 1256 1608  540    5   92
HOMIN1938R   97   90   88   51  241 2267 2559 1927 1176  720   28    3
HOMIN1939R   43  140  177   62    6  896 2211 2353  983  311   56    3
HOMIN1940R  109  108  101  110  213 1467 2744 2685  660  493  135   76
HOMIN1941R  178  110   61   31  105  904 2179 1758  966  192    7   17
HOMIN1942R  119  306   16  106   98 1369 3502 2757 1304   77    7  147
HOMIN1943R  321   17   12   91  321 1223 3006 1376 1876  646   39    0
HOMIN1944R  124  232  433   89   80  968 3753 3208 1110  641   66   12
HOMIN1945R  198   10    6  195   83 1472 3314 2122 2020  285   30    3
HOMIN1946R    0  110   11  132  161 1927 2513 2914 1024  174  647  109
HOMIN1947R  154  103   65  148   67  622 2561 3096 2361  245   30  117
HOMIN1948R  273   92   66   79   58 1135 2532 2330 1612  279  650   10
HOMIN1949R   14   57   13   46  309  951 2796 1847 2282  626   18    4
HOMIN1950R   44  126  155   16   96  605 3523 1706 1953  188   48   48
HOMIN1951R   43   18  225  144  174 1007 2228 1943  827  492  143    0
HOMIN1952R   11   96   54   78  173 1177 2888 2077  711  284    2   29
HOMIN1953R  155   12    0  122   25 1133 2522 3021 1321  558    0    6
HOMIN1954R   56  127   70   55   62  953 2856 1929 2790  224    2   28
HOMIN1955R  138   12   37   71  170 1559 1608 3338 2219 1189   30    2
HOMIN1956R   49   36   61   41  440 1395 3887 2355 1352 1021  292   45
HOMIN1957R  148   25  312  143  185 1054 2451 2617  813  385   88   21
HOMIN1958R   44   60   78  109  147  864 3079 2448 2141  594  196   31
HOMIN1959R  127   36    8   88  215 1238 3576 2553 2348  764   98    3
HOMIN1960R  131    0  190   54  206 1314 2326 2346  988  445   45   30
HOMIN1961R  127  131   22   81  307 1433 3281 2490 2655  855   59   44
HOMIN1962R   43   71  119  182  200  554 2584 1941 2083  208  137  328
HOMIN1963R   19   55   86  132  135 1127 2069 3102 1268  517  120   11
HOMIN1964R    7   30   31   43  105 1255 2678 2758 1643  362   55   13
HOMIN1965R   72   31   71  107   88  677 2703 1487 1108   87   24   74
HOMIN1966R   92   48   38   45  267 1024 2323 1578 1228  114  278  100
HOMIN1967R    8    5  530   76   59 1244 2973 2303 1452  163   16  537
HOMIN1968R  116  120  161   96   54  699 2561 1694 1138  311   48   20
HOMIN1969R   38   21   25   59  192  752 2880 2115 1675  147  241   25
HOMIN1970R  138  122  107   67  210 1963 1925 3300 1877  236    1    0
HOMIN1971R   74   56   52   96  379 1960 2254 2106 1369  559    3    0
HOMIN1972R   10   57    8   63   67  967 1500 2158  731  153  216   17
HOMIN1973R   22   94   10   25  104  852 2948 3338 1641  799   24   41
HOMIN1974R    3   28   23   49  318  722 2052 2036  820  943   33   28
HOMIN1975R   59   73   79   17  104 1494 2599 2730 2287 1007   26    1
HOMIN1976R   62   43   38  101  118 1252 2872 2733 1251   30  392    8
HOMIN1977R   66   30   49  148  272 1787 2917 2257 1348  341  424   35
HOMIN1978R   68  203  145  119  149 1743 2766 2774 1007  235  230  144
HOMIN1979R  169  278   61   37  263 1236 1795 2308 1036  160  685   36
HOMIN1980R   33   16   61   92   60 2020 2358 2529  948   79   36  194
HOMIN1981R  123   19  155   48  161 1111 2538 2117 1771  294  261   54
HOMIN1982R  241   69  147  178  398  795 2191 2490  890  324  398   28
HOMIN1983R   56   51   21  204  251 1183 2667 3022 2270  589   14   47
HOMIN1984R  136  137   26  108   24  953 2174 2655 1044  401   10   12
HOMIN1985R  112   21   21  111  123  978 2308 2010  902  903   22   37
HOMIN1986R   92  297   56   79  161 1634 2211 1971  552  163  109  130
HOMIN1987R  129  102   81   23  280  833 1578 2105  719  625  301  141
HOMIN1988R   25   70   63  119   62 1158 3209 2268 2061  259   16   50
HOMIN1989R   53    1  180   24   66 1501 2325 2327 1099   94   20   96
HOMIN1990R   12  173   49   26  666 1554 2275 3233 1767  647   64   79
HOMIN1991R   25   50   37  143  114 1361 2591 1987  511  123   79   45
HOMIN1992R   54   40   10   30  126  973 2006 2890 1438  337  190    0
HOMIN1993R   11   66   87   52  114 1259 2838 1477 1742  640   43   78
HOMIN1994R  115   60    3  133   82 2054 3313 2651 1360  480   67    4
HOMIN1995R  288   59  144   64  135  786 2791 1980 1101  672   38   39
HOMIN1996R  103  145   37  101   86 1466 2432 2464 1175  626   43    2
HOMIN1997R   95    6   44  248  190 1544 2132 2454 1148  709  426  416
HOMIN1998R  116   96   83   90  132 1316 2228 1971 1962  915  287    1
HOMIN1999R   42  151    3    0  467 1524 2038 1636 1636  709    6    0
HOMIN2000R   26  125   19   35  432 1441 2601 1636  610  178   12    6
HOMIN2001R   56   12   66  160  262 1977 2368 1795  576  659   22    9
HOMIN2002R   51  142   31   56  183 1677  599 2396  918  296   25   21
HOMIN2003R   34  256   64   61   18 1211 2821 1976 1463  327   37   54
HOMIN2004R  133   23   12  105  301 1241 1808 2396  875  366   56    3
HOMIN2005R  160  113   99  105  120 1434 3185 1554 2028  467    3   16
HOMIN2006R    5    3  299  116  359 1095 2720 2909 1416  281  140   15
HOMIN2007R    4  245   88   64  140 1534 2407 2122 1652   90   83   14
HOMIN2008R   20   65  250  100  173 1688 1932 2049 1619  218   69   54
HOMIN2009R   23   12   32   31  106  562 2705 1324 1069  503  405   50
HOMIN2010R   49   52   20   31   67  961 3035 2568 1784  335  388   71
HOMIN2011R    1  128   13  170  125 1579 2432 2669 1812  128    5    4
141 CORE-MONSOON INDIA RAINFALL  (1871-2011) 8 SUB 855,097 SQ.KM.
CORIN1871R  326   36    5   38  221 2343 2860 1666 1645   63  138   26
CORIN1872R   13   29   36  155   59 1758 3221 2878 1899  213    5  131
CORIN1873R   51  124   30   45  266 1128 2805 2551 2281   92   84   27
CORIN1874R   27   25   10   23  171 2296 3906 2581 1591  166   16    5
CORIN1875R   16  122   14   27  130 1876 4051 2027 2919  303    3   77
CORIN1876R    1    7   40    7   63  851 3759 2127 1767   57    7    0
CORIN1877R  306  153   69  201  162 1516 1473 1359 1030  802   75  313
CORIN1878R   71   73   29  114  242 1089 3741 3936 2202  502   47    2
CORIN1879R    7  106    4    8  462 2038 1711 4107 1333  579   36   11
CORIN1880R    0   21   16   10   83 1490 2973 1427 2545  564  216   17
CORIN1881R    1   22  217   42  117 1556 3858 2643 1208  245  169   25
CORIN1882R   47    8    6   34  139 2656 4545 1302 1937  140  260    9
CORIN1883R  122    0   37   14  237 2225 3000 1815 2718  785   45    0
CORIN1884R  109   27   10   35   22 1301 3811 2718 3221  435    7  330
CORIN1885R   66   40   59   89  245 1699 3039 2684  859  531   80  583
CORIN1886R   17    7   40   16  296 2142 3530 1956  656 1262   37  225
CORIN1887R  161    0    2   34  134 1877 4330 3059 1641  575  332   52
CORIN1888R  259  131   40   21   46 1287 2957 2850  966  186  282    5
CORIN1889R   23   65   18  111  185 1906 3073 3414 1138  699    0    0
CORIN1890R    0    1   60   82   23 2343 3072 2230 1575  163  276  168
CORIN1891R   93   70  110   64   57  433 3508 2274 3194  316    5    0
CORIN1892R   79   76    0   43  132 1532 3364 3424 3149  712   42   46
CORIN1893R  243  122  470   34  525 2748 1987 2746 2098  518  430    6
CORIN1894R   80   88   51   32   32 2274 3701 1959 2296  918   98  128
CORIN1895R   97  103   86  102   29 1927 2401 2237 1202  455   62   27
CORIN1896R    4    3    2   22   56 2091 3566 2970  227   16  177  148
CORIN1897R  134   24   22   72   56 1025 2993 2985 1809  461   13    0
CORIN1898R    0  302    6   54   75 1660 3650 2046 1675  151   41   60
CORIN1899R    4   33    4  149  153 1999 1171  734  516   63    0    4
CORIN1900R   91   12   20   96   70  732 2710 3614 2256   74   13   98
CORIN1901R  257  129  112  151  143 1012 2510 3100  761  256    9    6
CORIN1902R   68   22    0   36   52  596 3005 1782 2211  333  205  220
CORIN1903R   36   12    3    9  406  840 3357 2652 2033  721    9    8
CORIN1904R   22   86  195    6  143 1248 2552 1594 1405  378   15   71
CORIN1905R   48   51   50   51   76  521 2875 1308 1608  155   23    4
CORIN1906R   71  122   98    0   36 1980 3338 2030 1896   86   42   64
CORIN1907R   42  377   23  286   43 1036 2643 3609  375   14   43    8
CORIN1908R   84   58   67   32   29 1150 3887 3495 1226   60    6   21
CORIN1909R   55   50   23  289  144 1991 3331 2063 1449   68    2  276
CORIN1910R   30    2    4   10   57 2273 1929 2921 2346  477  378    0
CORIN1911R  121    2   98    1   34 1511 1434 1955 1494  214  357   12
CORIN1912R   34  187    5   39   61  780 3860 2629  808  202  429   12
CORIN1913R    1  192   48   30  287 2361 2900 1854  881  136    4  155
CORIN1914R    0   39  136  105  143 1897 3917 2131 1912  104  117   53
CORIN1915R  159  184  350  109   95 1728 2210 1833 1553  910   64   79
CORIN1916R    0   74    3   15  254 1943 2654 3799 2222 1004  320    0
CORIN1917R   35  299  102   56  613 2055 2740 3286 3100 1320   92    9
CORIN1918R   27   19   20    5  568 1267 1144 1974  509   31  148   55
CORIN1919R  388  100   42   49  194 1685 3125 3986 1209  435  216   32
CORIN1920R  303   13   42   48  243 1326 2863 1265  772   54    0    0
CORIN1921R  146    8    0   24    3 1556 2864 2078 2156  115   49    0
CORIN1922R  252   24    0   48   96 1663 3110 1543 2162  129  526   59
CORIN1923R   17   55  196   42   73  276 4226 2729 1792   86    3   49
CORIN1924R  137   36   32   48   41  750 3273 2622 2231  600   72  133
CORIN1925R    0    0   10    6  326 1854 2766 1621  788  148  432   21
CORIN1926R  275   15  192  116  217  488 3031 4134 2403  300   22   11
CORIN1927R   16   85  101   26   56 1594 3772 2192 1076  472  689  129
CORIN1928R   26  267   39   26   20 1276 3216 2096 1248  766   44  241
CORIN1929R   78  152    6  153   30 1506 3050 1966 1109  265   10  163
CORIN1930R   40   15   12  108  129 1656 3308 1741 1724  583   91   27
CORIN1931R   29   48   39   36   36  811 3396 3828 1762 1472  307   75
CORIN1932R    1   78  100   47  107  969 4315 1713 1866  495   83   20
CORIN1933R   31  161   64  156  633 2132 2698 3396 2704  418  128  121
CORIN1934R   59    0   54   50   14 1981 2492 3973 2296  123  374   45
CORIN1935R   99   41    0  130    9 1357 3782 1770 1929  362   15   71
CORIN1936R   40  170  133   48  173 2323 1970 2134 1844  239  824   27
CORIN1937R    1  200  106  342   35 1849 4526 1293 1886  642    8   78
CORIN1938R   92   31   78   47  264 2815 3251 2141 1181  903   33    1
CORIN1939R   68   63  123   51    1 1041 2887 2769 1051  138   71    5
CORIN1940R   96   82   83   66  110 1773 3318 3057  845  609  182   79
CORIN1941R  173  152   61   25   42  882 2647 2355 1055  101    0    8
CORIN1942R  147  351    9   45   46 1832 4553 3155 1438   49    1  210
CORIN1943R  335   25    3   45  357 1461 3558 1539 2025  817   24    0
CORIN1944R  117  228  370   42   68 1193 4618 3670 1152  599   64   16
CORIN1945R  179    1    0  119   53 1830 3802 2448 2124  181   12    5
CORIN1946R    0  129    1   97  136 2425 3035 3578 1297  131  929  157
CORIN1947R  199   96   71  172   62  671 3136 3402 2643  191   20   94
CORIN1948R  351   67   35   24   16 1493 3252 2740 1910  270  842    4
CORIN1949R    8   32    9   16  281 1123 3194 1849 3013  658   18    1
CORIN1950R   34   87  121   14   78  615 4138 1818 2302  188    3   90
CORIN1951R   53   31  160   81   88 1231 2566 2116  881  606  107    0
CORIN1952R    4   90   24   45   79 1688 3479 2196  631  235    0   34
CORIN1953R  164   11    0   98   16 1313 2960 3156 1316  380    0    1
CORIN1954R   61   84   84   34   29 1241 3668 2150 3476  199    1   27
CORIN1955R  204   16   20   52   81 1917 1825 4065 2527 1251   22    0
CORIN1956R   62   16   39   27  522 1553 4353 2689 1656 1087  382   69
CORIN1957R  127    8  303  146  143 1274 2841 3070  983  356   91    6
CORIN1958R   37   29   62   70   89 1172 3713 3271 2304  587  184    3
CORIN1959R  146   30    1   80  250 1367 3949 2837 2761  882  111    0
CORIN1960R  195    0  153   53  220 1671 2580 2901 1008  453   44   10
CORIN1961R  130   55   26   62  369 1279 3592 2888 3314  960   67   53
CORIN1962R   43   59  124  143  229  543 3044 2289 2429  137  146  411
CORIN1963R   33   69   70   88   87 1346 2673 3777 1445  469  164    8
CORIN1964R    0   14   34   18  107 1386 2950 3205 1762  289   56    7
CORIN1965R   84   25   46   97   39  761 2972 1775 1100   64   22  113
CORIN1966R   76   15   40   47  254 1062 2844 1727 1316   46  363  113
CORIN1967R    3    1  454   44   42 1554 3217 2516 1815  150   13  702
CORIN1968R  104  109  161   75   25  754 3233 2191 1163  238   47   14
CORIN1969R   44   10    8   30   60  947 3628 2734 2100   65  269    6
CORIN1970R  153  127   92   51  198 2473 2125 3700 2163  225    3    0
CORIN1971R   86   34   47   48  361 2302 2815 2228 1761  575    3    1
CORIN1972R    2   45    0   20   49 1106 1568 2726  656   79  201   13
CORIN1973R    9  111    4   20   53  920 3712 3900 2238  658    7   38
CORIN1974R    3   28   21   34  314  862 2713 2636  824 1124   21   37
CORIN1975R   43   82   64    3   66 1822 2831 3361 2467  803   11    0
CORIN1976R   65   16   40   73   77 1530 3295 3008 1441   19  487   15
CORIN1977R   66   40   63   68  212 1983 3424 2774 1591  330  555   39
CORIN1978R   82  259  150  126  118 2011 3213 3145 1090  237  252  220
CORIN1979R  214  313   56    9  176 1418 2222 2511 1044  126  855   37
CORIN1980R   31   16   34   44   22 2330 2388 3346  800   42   29  236
CORIN1981R  117    9  134   25  147 1377 3091 2525 1990  314  171   96
CORIN1982R  342   59   89   93  339  918 2598 3100 1088  249  518   27
CORIN1983R   34   39    5  131  174 1221 3129 3401 2896  600    7   45
CORIN1984R  178  168   12   43   16 1001 2483 3529 1088  454    8    2
CORIN1985R  126   16   13   81   89 1248 2594 2382  937 1130   30   22
CORIN1986R   64  342   61   25  122 1723 2810 2263  553   85   62  180
CORIN1987R  175  150   52    6  191 1056 1674 2889  837  670  238  215
CORIN1988R   35   52   35   89   60 1460 3617 2607 2231  375   27   20
CORIN1989R   28    0  205   15   73 1667 2376 2919 1174   82    9   94
CORIN1990R   11  159   32   12  624 2063 2636 3859 2066  735   68  108
CORIN1991R   17   29   35   86   69 1602 3198 2421  419   72   57   29
CORIN1992R   14    4    5   16   91 1143 2133 3544 1592  443   90    0
CORIN1993R    0   71   86   33   77 1588 3165 1874 2223  690   35   88
CORIN1994R  133   66    2  104   80 2556 3727 3231 1652  353   63    0
CORIN1995R  268   29  177   44   74  861 3169 2322 1275  496   11   60
CORIN1996R  106  134   23   77   52 1119 3184 2658 1484  744   26    1
CORIN1997R   70    1   24  151  155 1821 2612 2973 1284  964  497  568
CORIN1998R   85   49   76   47   91 1442 2593 2353 2417  874  303    0
CORIN1999R   14  230    0    0  297 1886 2581 1594 2252  900    3    0
CORIN2000R    1   66    5   24  578 1627 3078 1799  612  181   12   11
CORIN2001R   64    5   40  133  252 2219 2748 2016  587  807   17    0
CORIN2002R   23  228   16   44  122 2097  615 3056 1126  266   34   13
CORIN2003R   29  298   30   38   13 1562 3125 2109 1782  163   46   20
CORIN2004R  124   14    1   47  268 1499 2175 2961 1019  349   80    0
CORIN2005R  159   42  114   88   87 1683 4109 1846 2266  336    0    9
CORIN2006R    1    2  348   85  415 1370 3471 3691 1644  343  118    7
CORIN2007R    5  168   49   48  122 1671 3190 2244 1671   26   64   15
CORIN2008R   10   16  117   55   86 1978 2297 2156 1755  222   55   17
CORIN2009R   26    0   23   13   82  631 3169 1439 1255  581  593   72
CORIN2010R   46   57   31   10   20 1126 3295 2838 1880  325  442   20
CORIN2011R    0   67    7  107   89 2167 3020 3034 1891  129    4    0
141 NORTHWEST INDIA RAINFALL  (1871-2011) 6 SUB 634,272 SQ.KM.
NWIND1871R   28   89    0   14  292 1212 1938 1151  305   19  142   52
NWIND1872R   50   19   16   16   99  796 1861 2177  715    3    0   59
NWIND1873R   20  111   13   16  179  497 1912 1719  918  110   19   17
NWIND1874R   41   29   47    3   72  880 1892 1398  539    0    0    1
NWIND1875R    4  217   36   14  151  329 2026  968 2387   47    0   49
NWIND1876R    4   19   48   52  109  306 2227 1098 1024   81    9    0
NWIND1877R  134  205   49   64  157  384  549  159  790  526   59  349
NWIND1878R   57   83   10   99  319  785 2756 2698 1043   44    0   16
NWIND1879R   13  123   40    1   50 1212  707 2638  739  106    0   57
NWIND1880R    7   86    0    0   42  613 2114  949 1286  248   12   60
NWIND1881R    6   51  150   97   67  401 3296 1769  515   21    0   24
NWIND1882R  157   54    0   13   82  803 3078  809  946    0    8    1
NWIND1883R  210    3   66    5  334  603 1919  367 1394  153   27    4
NWIND1884R   32   34   16    1   39  959 2422 1285 2167   69    3   21
NWIND1885R  164    6   12   42  236  603 1597 2362  129  122    3  114
NWIND1886R   74    4   85    8  149 1144 2590 1291  228  246    5   15
NWIND1887R   88    3    1    9   10  732 2509 1763  407   15   64   28
NWIND1888R  128  160   32   12   12  364 1290 2089  257   54  161    0
NWIND1889R  100  137   29   25  253  827 1917 2267  158   98    0    0
NWIND1890R   12    5   51   20   25 1073 1708 1254  355   48   12  138
NWIND1891R  176   16  185   26   87  114 2123  954  828   84    0    0
NWIND1892R  120   25    2    0  129  448 2164 2222 2009   89    1  116
NWIND1893R  192  199   83   18  214 1802 2002 1172 1505   16  305   26
NWIND1894R  259   48   49    7   50 1793 3126 1048 1031  260   18  210
NWIND1895R  162   31   83   42   11  729 1529 1480  206   81    0    9
NWIND1896R   15   53   22    0   29 1148 1922 1653  102    6  221   69
NWIND1897R   41   13   17   48   39  227 1739 2166  880  126    0    5
NWIND1898R    7  305    0    1  126  643 2098  588  845    0    7  119
NWIND1899R    0   14    0   34   78  966  469  100   84    4    0    4
NWIND1900R   48    6    7  115  123   94 1329 2903 1614    7   17   97
NWIND1901R  138   88   41   10   84  146 1305 1078   92   51    0    9
NWIND1902R   13    2   11   21   78  370 1305 1248 1297   66    1   21
NWIND1903R   44   15   73    1   94  123 2486 1407 1062   60    0    9
NWIND1904R   52   48  266    2  159  290 1259  996  561   21   44   97
NWIND1905R  109   89   42   21   14  108 1741  189  642    2    0   17
NWIND1906R    8  369  111    1   10  732 1652 1272 1256   41    0   38
NWIND1907R   49  370  102  118   64  277 1416 3052   36    0    0    0
NWIND1908R  137   17    1   58   68  335 3031 2947  469   30   10    2
NWIND1909R   50   61    0  264   20  972 2415 1328 1334   11    0  186
NWIND1910R   62   13    0   26    8 1337 1330 2234  592  180   16    4
NWIND1911R  206    8  389    7    2  656  261  482  770   47  105    1
NWIND1912R  142   32   17   41   40  440 2921 1677  353   65  100    7
NWIND1913R    1  126   74    3  272 1406 1755 1103  606    4    7   95
NWIND1914R   27   63   15   83   82 1085 2262  813 1411  106   56    6
NWIND1915R  134  268  221   23   36  429  688  541  411  468    0    5
NWIND1916R   11   33    4   18  121  543 1359 2724 1226  293    5    0
NWIND1917R   32   50   27  187  725 1055 1745 2795 2574 1367    0   15
NWIND1918R   20    0   77   49   41  188  387 1036  134    0   13    4
NWIND1919R  217   16   20   53  109  253 1800 2355  525   57  112   70
NWIND1920R  129   54   37   12  448 1180 1838  684  117    1    0    1
NWIND1921R   67    3    0    4    1  168 2240 1070 1512   64    0   19
NWIND1922R   45   20    2    7   34  527 1593  736 1535   37    6   90
NWIND1923R   66  192   20   16  156   80 1867 1779  301   18    3   84
NWIND1924R  108   72    4    2   80  328 1727 1383 1581  144    8  142
NWIND1925R   19    1    0    8  121 1360 1466  506  109   24   97    0
NWIND1926R   68   12  214   43  278  112 2019 2838 2038    4    3    8
NWIND1927R    0  129   30   16   75  462 3100 1589  482  126   96  240
NWIND1928R   46   80   10   15   12  254 1873 1548  602  281  128   50
NWIND1929R   43    4    0   55   59  491 2354 1311  149   53    0  158
NWIND1930R   96   32   10   23  129  850 2268  849  411  259    2   16
NWIND1931R   14   48   38    3  104  117 1639 2882  407  428   13    5
NWIND1932R   22   18   91   18   51  215 2492 1177  494   68    0   44
NWIND1933R    5   96   59  112  469 1030 1565 2928 1429   66   34   16
NWIND1934R   39    2  143    5   26 1055 1207 2618  458    2   28   40
NWIND1935R  185   74   34  134   10  323 2459  818  933   82   20   51
NWIND1936R    4   94   69    9   23 1152 1013  911  866   14  202   56
NWIND1937R    4  299   16   53   35  845 2980  249 1155   34    1  136
NWIND1938R  108   29    3   10   78 1272 1412  860   81   91    0    3
NWIND1939R   10  243  118    6    0  350  776 1063  428    8    5    0
NWIND1940R  233  151  128   21   20  674 1141 2007  304  150   79    0
NWIND1941R  145   44   15    1   88  405 2266 1301  304   21    0   31
NWIND1942R   98  219   15   38  130  450 2494 2304  917    4    0   61
NWIND1943R   88    2    8   36   77  521 2814  600  837   84    1    0
NWIND1944R  144  115  183  119   30  567 2819 3220  312   72    2   14
NWIND1945R  241    0   16   46  126  906 2855 1459 1642   19    0    0
NWIND1946R    1   57    6    9   89 1126 1372 2453  516   68  106  115
NWIND1947R   55   37   13  189   12   51  949 2143 2118   88    9   52
NWIND1948R  249  152   93    9   14  302 1397 1366  494  102   92   24
NWIND1949R   27   89    4    5   38  295 2382 1220  916   47    6    7
NWIND1950R   67   29   66    1   34   99 3457 1078 1651    1    0    0
NWIND1951R   30    3  108   65   89  389 1121 1195   78   17  260    0
NWIND1952R   25   60   42   10   26  743 2621 1438   57    3    6   11
NWIND1953R  215    2    0   27   23  580 1511 3084  602    9    0   15
NWIND1954R   64  255   37    0   10  521 1986 1084 2206  199    5    4
NWIND1955R   78   17   40   24   61  524  562 2628 1756  755    0    5
NWIND1956R   55   10  117    8   56  495 3411 1861  587 1056    4   23
NWIND1957R  249    5  235   10   86  623 1878 1482  412   91   88   48
NWIND1958R   47    5   13   12   23  366 1905 1230 2356  229  111   77
NWIND1959R   72   35   17   35  148  502 3406 1646 1748  601   88    0
NWIND1960R   32    0   73   14   44  720 1588 1739  243   54    0   58
NWIND1961R  148  152    4   51   45  885 1913 1645 1996  139   21   18
NWIND1962R   44   27  115   26   36  157 1904 1253 1468    1   48   45
NWIND1963R    7   21   71   14   38  310 1148 2219  855  116  168   20
NWIND1964R   17    5   14    6  180  547 2358 2124  660    1    1   16
NWIND1965R   58   43   40   47   92   42 2220 1031  337   66   25    0
NWIND1966R    5  105   25    3  163  743 1415 1079  859   39   11    1
NWIND1967R    0   11  583    6   17  663 2291 1719  908   51   23  334
NWIND1968R   63   77   61    1   37  131 1767 1398  124   44    1    8
NWIND1969R   26   35   35   24   58  252 1553 1083  767    7   49    7
NWIND1970R   91  161   32    5   70 1007 1284 2623 1500   89    5    0
NWIND1971R   24   40    3   18  252 1132 1812 1560  956   51    5    0
NWIND1972R   24   54   14   32   16  578  933 1491  104   11   39   14
NWIND1973R   43   35   12    1  153  505 1817 2757 1243   67    4   56
NWIND1974R    2    5    3    6  232  273 1539  834  354  333    0   66
NWIND1975R   42   35   33    3   30  958 1670 2248 1913  554    0    4
NWIND1976R   90   84   37   22   98 1009 1930 2374 1043    9  312    0
NWIND1977R  137   15    4   86  205 1175 2742 1286 1150   26   27   23
NWIND1978R    4  119  135   34    1 1176 2320 1869  412   46  171   44
NWIND1979R   77  268   80   27  226  728 1343 2414  263  100  556   36
NWIND1980R   30   16   78   11   58 1289 2191 1022  288   49   26  167
NWIND1981R  102   38  131    2   79  482 2225 1396  633  114  499    3
NWIND1982R  134   52  198  268  509  215 1445 1605  102   79  468   62
NWIND1983R  104   32   36  418  294  842 2343 2127  797  277    0    9
NWIND1984R    4   78   14   20    4  402 1580 1952  945    8    1    3
NWIND1985R   11    1   15   98   83  185 1597 1406  223  618    0   78
NWIND1986R   16  131   37   19  197  816 1455 1003  135   46   11   18
NWIND1987R   67   50   52   14  310  408  441 1031   90   53   28  100
NWIND1988R   23   36   95   41   16  448 2869 1579 1356   61    2   34
NWIND1989R  119    4   51    3    6  700 1632 1868  364   15   18   30
NWIND1990R    2  269   38   12  193  434 1850 2664 1120   90   38   56
NWIND1991R    3   79   23  161   18  401 1702 1177  274    0   18   72
NWIND1992R  135   97   23    7   91  400 1674 2230 1512  158   63    0
NWIND1993R   28   87   62   46   86  953 2737  418  840  110   49    0
NWIND1994R  161   39    5  106   57 1120 2700 1857 1257    1    2   10
NWIND1995R  223  107   50   48   32  292 2450 1577  758  115    3   17
NWIND1996R   90  145   38   52  125 1655 1869 1640  723  170    2    1
NWIND1997R   67   14   32  198  270 1641 1326 2003  719  367   96  130
NWIND1998R    1  112   58   97   40  902 1764 1166 1279  732   31    0
NWIND1999R   93   77    5    0  465  832 1459  633  401  288    0    0
NWIND2000R   55   79   37   14  292  461 2184  708  200   10    5    6
NWIND2001R   32    6   12   91  311 1327 1961 1034   95  115    0   13
NWIND2002R   12   91   26   23  181 1044  253 1111  506   10   13   45
NWIND2003R   56  267   20   13   21  746 2493 1378  538    9    3   21
NWIND2004R   83    7    0   34  283  632 1048 2280  240  273    0    7
NWIND2005R   64  136   81   58  112 1062 1860  787 1611    8    1    0
NWIND2006R   13    2  146    7  119  685 2121 2298  731   68    7   30
NWIND2007R    9  355  144   20   69  708 1700 2022 1045    5   12   20
NWIND2008R   31   10    6  117  285 1085 1385 1646 1119   35   17  115
NWIND2009R   16   31   31   30   30  321 2173  796  411   74   32    2
NWIND2010R   14   28    1    2   11  478 2260 2268 1427   26  297   52
NWIND2011R    3  176   13   21   71  696 1575 2425 1475    7    0    3
141 WEST CENTRAL INDIA RAINFALL  (1871-2011) 9 SUB 962,694 SQ.KM.
WCIND1871R  303   47   14   63  244 2422 2641 1404 2020  172  100   19
WCIND1872R   13   44   45  206   40 2015 3355 2536 2098  487   13  229
WCIND1873R   44   93   72   58  313 1067 2670 2262 2323  187   82   91
WCIND1874R   41   42   32   50  252 2649 3822 2743 2248  360   34   11
WCIND1875R   22   63   22   77  141 2446 4004 2056 2175  485   13   60
WCIND1876R    1    3   82   18   82 1034 3564 2073 1761   76    9    0
WCIND1877R  372  160  155  435  337 1897 1597 1885 1262  963   79  294
WCIND1878R   71   84   38  253  275 1085 3336 3811 2195  789  162   15
WCIND1879R    2   84    4   26  619 2045 1986 3904 1347  806  124    2
WCIND1880R    0   26   29   43  111 1893 2949 1336 2525  743  295   20
WCIND1881R    1   18  276   89  146 1806 3219 2634 1438  366  288   10
WCIND1882R   39    8   14   87  216 2920 4026 1592 2064  272  441    9
WCIND1883R   89    0  120   30  170 2438 2908 2231 2696  872  123    0
WCIND1884R  122   64   24   68   63 1622 4210 2898 2982  587    7  413
WCIND1885R   59   80   88  159  390 2249 3150 2295 1209  784  214  645
WCIND1886R   20    7  100   26  377 2182 3313 1981  862 1649   89  238
WCIND1887R  162    0    8   95  152 1977 4014 2971 1908  886  329   45
WCIND1888R  261  107   40   47  163 1450 3251 2713 1225  197  437   10
WCIND1889R    9   53   24  161  142 1935 3041 3338 1765 1016   19    3
WCIND1890R    0    1   69  143   51 2301 3191 2373 2028  255  459  179
WCIND1891R   79  102  189  127  156  509 3326 2503 3404  434   12    1
WCIND1892R   39   86    1  105  149 1834 3673 3330 2841 1121   69   23
WCIND1893R  254  160  657   55  585 2513 2102 3199 2399  910  438    2
WCIND1894R   60   93   67   66   60 2239 3473 2398 2603 1145  242   88
WCIND1895R   70  120   88  183   78 2402 2459 2472 1632  642   74   22
WCIND1896R    2    0   11   53   76 2289 3681 3303  390   49  275  120
WCIND1897R  144   73   47  198  139 1274 2944 3148 2002  712   11    0
WCIND1898R    0  318   22  121   92 1809 3861 2447 1895  321  131   23
WCIND1899R    5   38   12  276  198 1849 1257 1405  813   78    0    1
WCIND1900R  123   30   31  130   98 1106 2978 3154 2570  247   26   79
WCIND1901R  255  342  156  269  205 1204 2714 3411 1153  386   33    6
WCIND1902R   54   30    3  107   91  728 3021 1966 2117  441  282  284
WCIND1903R   48   19    1   35  474 1090 3555 2999 2058 1216  111   38
WCIND1904R   10   60  176   40  255 1925 2390 1838 1601  688    6   38
WCIND1905R  102   76   98  149  164  748 2588 1919 2109  310   25    2
WCIND1906R  134  175  169    6   80 2204 3405 2344 1869  258   80  177
WCIND1907R   34  307   77  470   28 1522 2501 3345  842   22   66   38
WCIND1908R   80  144   76   48   82 1312 3448 3361 1956   98    5   20
WCIND1909R   59   49   36  405  175 1992 3422 1924 1460  110   12  261
WCIND1910R   21    0   13   44  123 2295 2200 2951 2821  674  447    0
WCIND1911R   86    1   73   28   88 1875 1822 2705 1678  479  354   29
WCIND1912R   23  291    1  109  102  737 3501 2782 1127  275  423   10
WCIND1913R    8  280   72   73  317 2123 3010 1885 1068  282   27  138
WCIND1914R    0   39  146  189  285 1871 3840 2591 2069  119  123   74
WCIND1915R  191  187  389  177  181 1829 2628 2346 2018 1038  157   72
WCIND1916R    6  113    3   49  306 2273 2862 3070 2322 1436  591    0
WCIND1917R   28  431  164   77  429 2301 2638 3024 2825 1248  170    8
WCIND1918R   61   23   40   58  826 1817 1399 2139  932   50  222  103
WCIND1919R  468  197  140   90  285 2329 2915 3434 1446  728  351   36
WCIND1920R  230    9   67  128  190 1039 2943 1565 1063  131    3    0
WCIND1921R  183    8    3   89   13 2128 2676 2131 1894  290  156    4
WCIND1922R  354   52    0   93  144 1707 3196 1690 2006  254  652   32
WCIND1923R   22  109  241   84   95  442 4039 2816 2214  243   12   32
WCIND1924R  168   29   45  123   76  784 2950 2526 2283  684  343   78
WCIND1925R    0    0   17   99  550 1879 3242 2479 1158  551  407   37
WCIND1926R  378   35  267  228  313  539 2842 3859 2151  415   21    9
WCIND1927R   27  124  133   46  113 1866 3393 2185 1332  618  720   50
WCIND1928R   24  278   99   62   68 1695 3180 2005 1722  872    5  231
WCIND1929R   86  260   10  189   70 1825 3051 2169 1682  501   22  188
WCIND1930R   11   26   34  216  131 1867 3078 1777 2014  653  335   38
WCIND1931R   41  109   73   75  136 1139 3285 3244 2188 1611  457   79
WCIND1932R    0  142   83  110  155 1110 4165 2021 2238  689  292   17
WCIND1933R   74  261  100  197  749 2257 2854 3025 2700  701  192  164
WCIND1934R   55    0   34  133   21 1990 2967 3428 2558  305  425   31
WCIND1935R   98   62    4  245   29 1540 3808 2084 1952  472   23   50
WCIND1936R   77  344  148   71  358 2701 2449 2516 1965  499  802   41
WCIND1937R    1  302  190  638   62 1714 4097 1920 1907  874    8   64
WCIND1938R   90  129  144   78  348 2922 3314 2631 1898 1134   47    3
WCIND1939R   65   72  216  100    9 1256 3156 3202 1350  511   90    5
WCIND1940R   27   79   84  168  341 1989 3801 3132  894  718  172  126
WCIND1941R  199  154   90   51  115 1232 2122 2059 1401  304   12    7
WCIND1942R  132  364   17  151   77 1974 4166 3055 1559  126   12  204
WCIND1943R  475   27   14  127  481 1686 3132 1888 2561 1017   64    0
WCIND1944R  111  309  597   69  114 1232 4369 3200 1636 1015  108   12
WCIND1945R  170   17    0  294   54 1844 3617 2558 2270  461   49    5
WCIND1946R    0  146   14  213  208 2454 3264 3218 1358  244 1003  105
WCIND1947R  219  147   99  120  102  998 3623 3723 2520  348   44  160
WCIND1948R  289   52   47  125   87 1684 3280 2965 2349  395 1017    1
WCIND1949R    6   37   19   73  488 1384 3069 2261 3181 1007   27    1
WCIND1950R   30  189  213   26  137  939 3566 2120 2152  312   81   80
WCIND1951R   51   29  303  197  229 1414 2957 2436 1320  804   65    0
WCIND1952R    2  120   62  122  270 1463 3065 2497 1142  470    0   42
WCIND1953R  116   19    1  184   26 1498 3189 2980 1795  920    0    0
WCIND1954R   51   43   92   91   97 1238 3429 2485 3175  241    1   44
WCIND1955R  178   10   34  102  242 2241 2297 3805 2523 1475   50    0
WCIND1956R   44   53   24   64  694 1987 4200 2680 1856  998  482   59
WCIND1957R   81   39  363  231  250 1337 2829 3365 1077  579   88    3
WCIND1958R   42   97  121  173  229 1192 3853 3251 1999  835  252    1
WCIND1959R  163   36    2  123  258 1723 3689 3151 2743  872  104    6
WCIND1960R  196    0  266   81  313 1705 2812 2746 1478  703   75   11
WCIND1961R  113  116   33  101  480 1795 4182 3047 3090 1326   83   61
WCIND1962R   42  100  122  285  308  816 3033 2394 2488  344  196  515
WCIND1963R   27   78   96  209  199 1665 2676 3685 1541  781   88    5
WCIND1964R    0   47   42   68   56 1721 2889 3175 2291  600   90   10
WCIND1965R   82   23   90  146   85 1096 3021 1787 1617  100   23  123
WCIND1966R  149   10   47   73  336 1209 2920 1906 1471  163  453  165
WCIND1967R   14    1  495  122   87 1626 3423 2688 1810  237   11  670
WCIND1968R  151  149  227  158   66 1073 3083 1890 1805  487   79   29
WCIND1969R   46   12   18   82  280 1080 3755 2795 2274  240  368   37
WCIND1970R  169   97  156  108  303 2593 2348 3746 2126  333    0    0
WCIND1971R  108   67   84  148  463 2506 2545 2465 1641  893    2    1
WCIND1972R    1   59    3   84  101 1224 1873 2597 1144  246  334   18
WCIND1973R    8  133    8   41   72 1081 3693 3721 1903 1281   38   32
WCIND1974R    3   43   36   78  376 1019 2391 2827 1126 1344   55    4
WCIND1975R   70   97  109   27  153 1847 3211 3047 2533 1306   44    0
WCIND1976R   43   16   39  153  131 1412 3494 2969 1388   44  445   13
WCIND1977R   20   40   79  189  316 2190 3033 2896 1478  549  686   43
WCIND1978R  110  258  152  175  247 2116 3061 3370 1399  360  269  209
WCIND1979R  230  284   49   44  287 1570 2093 2239 1545  200  770   35
WCIND1980R   36   16   49  146   61 2501 2467 3521 1384   98   43  211
WCIND1981R  137    7  170   78  215 1525 2744 2593 2521  413  105   87
WCIND1982R  311   80  114  118  325 1178 2682 3074 1408  486  352    5
WCIND1983R   24   63   11   63  223 1408 2880 3611 3240  795   24   72
WCIND1984R  223  175   33  165   38 1316 2565 3118 1110  660   16   19
WCIND1985R  178   34   25  119  149 1501 2776 2408 1349 1091   37   10
WCIND1986R  141  407   69  119  137 2172 2709 2609  826  241  173  204
WCIND1987R  169  137  101   29  260 1112 2327 2812 1133 1001  481  167
WCIND1988R   26   93   41  171   93 1626 3432 2721 2526  390   25   61
WCIND1989R    9    0  266   37  105 2030 2782 2630 1583  147   21  140
WCIND1990R   19  110   56   34  978 2292 2555 3608 2193 1013   81   94
WCIND1991R   40   31   47  131  177 1993 3176 2520  667  203  118   27
WCIND1992R    1    3    2   46  149 1350 2225 3325 1390  455  274    0
WCIND1993R    0   53  103   55  133 1460 2904 2174 2336  989   39  130
WCIND1994R   85   73    1  151   98 2669 3718 3174 1429  795  110    0
WCIND1995R  330   28  207   74  203 1111 3016 2246 1326 1040   62   54
WCIND1996R  112  145   37  133   61 1341 2803 3007 1473  927   71    3
WCIND1997R  113    0   52  282  138 1480 2663 2752 1431  934  643  605
WCIND1998R  191   86  100   85  193 1589 2534 2502 2412 1036  455    2
WCIND1999R    8  200    1    1  468 1980 2419 2296 2450  986   11    0
WCIND2000R    6  155    7   48  523 2087 2877 2247  881  290   17    6
WCIND2001R   72   16  101  205  230 2406 2636 2297  892 1017   37    7
WCIND2002R   77  175   35   77  183 2095  827 3242 1190  484   34    5
WCIND2003R   19  249   93   93   15 1518 3038 2369 2073  537   60   76
WCIND2004R  165   34   21  152  312 1643 2308 2472 1292  428   92    0
WCIND2005R  223   98  111  136  125 1680 4060 2060 2303  769    4   27
WCIND2006R    0    3  400  188  518 1365 3115 3312 1867  422  228    5
WCIND2007R    1  172   51   92  186 2078 2874 2187 2053  146  129   10
WCIND2008R   13  101  410   89   99 2085 2293 2315 1949  338  103   13
WCIND2009R   28    0   32   31  156  721 3056 1673 1503  786  651   82
WCIND2010R   72   69   32   50  104 1280 3545 2765 2019  540  448   83
WCIND2011R    0   96   13  269  160 2161 2998 2830 2034  207    8    4
141 CENTRAL NORTHEAST INDIA RAINFALL  (1871-2011) 5 SUB 573,006 SQ.KM.
CNEIN1871R   45  170  121  547  694 2222 3871 2856 2980  128    1  156
CNEIN1872R  255  149   44  103  249 2340 3210 2885 1957  984  174   26
CNEIN1873R   53   11  269  112  262  609 3842 2580 1714  462   33   84
CNEIN1874R  151  282  116   51  234 2722 3186 3361 2322 1097  185    5
CNEIN1875R  224  153    9  120  518 1594 3343 2958 2413  515    0   12
CNEIN1876R   10    4   79  160  323  960 3222 2396 2391 1044    0    0
CNEIN1877R  483  442  253  306  671 1054 1989 1870 1229  856   16  288
CNEIN1878R  257   80  114  283  773  734 2549 3044 2058  523  252  132
CNEIN1879R    8  114   39    7  526 1521 3666 3650 2622  986   45   71
CNEIN1880R   25  364   18   88  584 1810 3418 2679 1718  760  287   46
CNEIN1881R    9   31  462   71  466 2068 3237 3376 1305  837   51   11
CNEIN1882R   35  112   15  157  620 1812 3077 2982 1447  814  262   23
CNEIN1883R  414   47  256   69  304 2588 3293 1775 1685  263  133   88
CNEIN1884R    7   78   26  102  287 1783 2603 3016 2691  934   14   36
CNEIN1885R  151  205  100   64  470 2006 3214 3491 1699  275  144  508
CNEIN1886R   71    9  381   34  650 1940 3340 3032 2445 1389  184  175
CNEIN1887R  289    0   80  111  920 1474 3123 3374 1735  650   67    4
CNEIN1888R  275  146   79  102  353  732 3807 4264 1984  136  249    1
CNEIN1889R  260  258   33   56  287 2309 3520 3232 1886  862  587    4
CNEIN1890R   14    6  196   80  389 2880 4386 2839 2286  702  122   46
CNEIN1891R  190  114  718   45  730  772 2052 4015 2881  388  222    0
CNEIN1892R   38  166    4   49  224 1704 3603 3464 1660  529   89   21
CNEIN1893R  321  532  388  192 1255 2185 3471 2529 3258 1102  124    1
CNEIN1894R  124  231   49  140   83 2287 3613 3676 2120 1943  477  119
CNEIN1895R  210  108   60  264  335 2685 3200 2998 1540  413   37   25
CNEIN1896R   12   22   50   19  321 2296 3089 3219 1026    0   93   91
CNEIN1897R  116  187  356  184  242 1703 3033 3498 1914 1211  129    3
CNEIN1898R    8  407   13  127  362 1539 2988 3587 2764  507   27   55
CNEIN1899R  158   50   11  489  511 2518 4120 2307  964  440    0    1
CNEIN1900R  415   78   64  238  431 1537 2633 3077 3134  636    0  191
CNEIN1901R  572  465   96  161  404  439 2423 3506 1799  271  312   18
CNEIN1902R   39   24  102  308  414  688 3942 2369 2463  200   34   78
CNEIN1903R  142   74   38  150  360 1141 2046 3123 2165 2286   90   29
CNEIN1904R   45   73  202   50  724 2356 3707 3345 1234  583   93  132
CNEIN1905R  245  276  401  217  523  414 3155 3004 2606  127    1   15
CNEIN1906R  164  764  248    3  269 1863 3303 2950 1861  484   39  108
CNEIN1907R   34  551  440  384  216 1679 2031 3639 1215   83   45  110
CNEIN1908R  222  194   53   20  271 1291 2931 3697 1251  250    2    4
CNEIN1909R  119   70   11  832  173 2748 3683 2502 1894  224    5  281
CNEIN1910R   95   36   22  164  366 1908 2789 3613 2367 1341  144    1
CNEIN1911R  237    8  319   74  245 2487 1193 3377 3149  808  364    5
CNEIN1912R  106  212  129  195  297  882 3273 3334 1640  271  430    2
CNEIN1913R   10  570  252   30  756 2511 2787 2945 1354  591  134  128
CNEIN1914R    4  184  188  252 1004 1274 3725 3235 1814  115   13   28
CNEIN1915R  126  433  333   88  495 1178 2609 3208 2655  736  509   10
CNEIN1916R    0  147    1  165  250 2422 3053 3305 2203 1435  211    0
CNEIN1917R   41  409  144  101  685 2111 3135 2671 2824 1830   46   19
CNEIN1918R   57    1  107  150  632 2468 1498 3227 1526   37   27   11
CNEIN1919R  614  173  136  139  355 1950 3411 3460 1844  679  296   53
CNEIN1920R    9  165  333   81  311 1221 4990 2134 1550  144    0    0
CNEIN1921R  428   36   30  130   81 1769 2736 3797 2674  390   54    4
CNEIN1922R  234   36    0   72  161 2137 4199 3708 2875  249   93   95
CNEIN1923R   13  536   38   64  270  901 2760 3626 2051  774  312  116
CNEIN1924R  190  115   19   49  287  790 3801 2699 2896  610  763   70
CNEIN1925R   55   12   44  298  534 2145 4229 2980 1848  688   88   28
CNEIN1926R  209   54  613  205  392  381 3545 3819 2302  397   12   52
CNEIN1927R  105  397  205   39  396 1355 3388 3311 1510  770  407   31
CNEIN1928R  281  447   25  286  322 1664 3721 1795 1231 1400   32   86
CNEIN1929R  382   91   85  147  175 1523 3698 3582 1053 1484    1  398
CNEIN1930R   94  141   64  145  171 1156 3891 2669 2401  353  678   81
CNEIN1931R   26  445  119   51  183  691 3106 3147 2947 1342  199    5
CNEIN1932R    0  181   70  103  330  844 2910 2575 2277  289  638   39
CNEIN1933R  200  330   48  348  885 2224 3067 3425 2070 1009   61   49
CNEIN1934R  254   45   97   56   75 1668 3349 3300 2277  430   66   45
CNEIN1935R  188  162   54  173   57  926 3406 3105 2447   56    6   88
CNEIN1936R  102  262   89   51  833 3099 4369 3318 2748  947   90  144
CNEIN1937R    0  777   71  275  506 1425 2973 3148 1878  962    2   36
CNEIN1938R  203  177   37   53  687 2520 3218 3270 1849  750   75    0
CNEIN1939R   99  261  164   84  129 1872 3337 2890 2417  847   40   10
CNEIN1940R   64  342  602  122  518 1470 3671 3666 1288  353   11  195
CNEIN1941R  272   34   31   58  400 2029 2267 3160 1665  797  202    4
CNEIN1942R  315  421   84  169  159 1425 3631 3612 2847  227  265   43
CNEIN1943R  485   82   38  361  313 1227 3428 4451 2427  394   39    0
CNEIN1944R  293  515  558  286  134 1304 3612 3411 1491  810   25   11
CNEIN1945R  416   93    7  272  329 1053 2986 2591 2991 1320   23   37
CNEIN1946R    2  159   65  527  622 1681 3621 3018 1756 1138  263   44
CNEIN1947R  172  135  186   64  256 1269 3522 2868 2157  731   43  226
CNEIN1948R  214  198  100  107  372 1328 3665 3641 2420  717  430    5
CNEIN1949R   79  315   58  206  566 1121 3404 3548 2414 1322    3    0
CNEIN1950R  128  136  366   12  374 2223 3012 3303 1529  233  408  108
CNEIN1951R  130   47  409  160  322 1382 2625 2669 1851  675  188    0
CNEIN1952R   26  121  255  237  311 2204 2490 3461 2124  630   19   20
CNEIN1953R  356   57   11   79  234 1840 3831 3559 2415  261  231    7
CNEIN1954R  222  243   58   33  200 1161 2703 2659 2362  781    0   47
CNEIN1955R  276   63   41  117  283 1656 3368 3131 2430 1720  270    1
CNEIN1956R  134  195  182   74  622 2302 3104 3308 2888 1839  234   52
CNEIN1957R  517  106  246   38   56  951 3275 3214 1979  181    5   42
CNEIN1958R  120  152   97  137  188  821 3162 3399 2578 1302  174   30
CNEIN1959R  474   42   56  134  477 1227 2705 3006 1703 1810   35    7
CNEIN1960R   60    1  343   52  258 1133 3535 3755 2028 1217   20   49
CNEIN1961R  215  579    2   72  332 1798 3048 3754 2341 1914   37   76
CNEIN1962R  202  115  125  266  210 1160 2852 3146 2418  700   19   51
CNEIN1963R   73   54  112  211  542 1479 2891 3291 2631 1120   98   12
CNEIN1964R   21  115   15  162  503 1084 4064 2863 2394  506   35   45
CNEIN1965R   36   88  265  233  235  649 2960 2314 1992  556    5    6
CNEIN1966R  268   81   14  108  279 2036 2191 2611  941  344  312   72
CNEIN1967R  143    2  476  211  175 1039 2814 4168 2098  147   14  272
CNEIN1968R  344  111  105   82  149 1642 3092 2590 1417  999  138   27
CNEIN1969R   34   41   59  157  579 1157 3751 3120 2269  247  322   33
CNEIN1970R  234  493  278  115  496 1878 2419 2701 2667  657   51    0
CNEIN1971R  201  201   47  667  695 2530 3181 3966 1880 1425   38    0
CNEIN1972R   51  321   27   90   59  697 2315 2774 2303  540  215    4
CNEIN1973R  131  108  163   39  432 1395 3106 3165 2274 1662   68   61
CNEIN1974R    7   26  191   62  349  798 3211 2871 1537  585   47   65
CNEIN1975R  121  142  155  103  180 1904 3434 2821 2218  723   48    0
CNEIN1976R   28  114   59  135  425  944 2947 3441 2524  220  114    9
CNEIN1977R  120   59   22  349  662 1364 3965 2731 1782  806  334  127
CNEIN1978R  128  327  354  114  222 1956 2894 3280 2191  732   79   95
CNEIN1979R  224  311   70  156  153 1246 2907 1510  941  375  263  117
CNEIN1980R   87   74  258  114  399 2206 4130 3041 2369  479   16   92
CNEIN1981R  259  134  262  253  634 1195 3869 2600 2293   47   91   72
CNEIN1982R  154  188  557  220  372 1451 1992 3807 1769  279  162   50
CNEIN1983R  127  205   99  424  594 1233 2848 2822 2920  851   10  144
CNEIN1984R  215  315   11  197  370 2980 3481 3452 1761  298    0   15
CNEIN1985R  173  116   13   99  387 1113 3310 2938 2837 1719    5   65
CNEIN1986R  143  353   47  235  602 1833 3389 2531 1493  933  381  264
CNEIN1987R  117   86   94  186  464  732 3101 2812 2219  586  412   51
CNEIN1988R   30  205  303  291  272 1873 3109 3326 1588  460   11   87
CNEIN1989R  110   39  128   12  532 2088 3122 2767 2210  270   27  136
CNEIN1990R    1  492  372  289  809 1671 3938 2733 2252  817  376   74
CNEIN1991R  163   80  187  145  281 1281 2426 3537 1823  334  151  208
CNEIN1992R   99  115    6   89  472 1030 3049 2840 1463  627   70    0
CNEIN1993R   28   70  199  376  625 2139 2146 2772 2802  326  103    0
CNEIN1994R  179  309    7  267  317 2128 3619 3551 1835  537   77    2
CNEIN1995R  264  213  139   82 1293 1295 2337 3133 2565  559  687  136
CNEIN1996R  297  309   29  113  184 2073 2394 3746 1469  550   16    0
CNEIN1997R  113   26  128  522  373 1910 3463 3655 1948  393  198  675
CNEIN1998R  217  244  380  251  476 1100 3132 3189 2219  986  323   11
CNEIN1999R   61   41    2   13  968 2075 3242 3253 2427 1371   69   17
CNEIN2000R   38  263   31  251  833 2388 2838 2312 2155  146    6    0
CNEIN2001R   21   29  234  190  819 3216 3985 2301 1226 1085  201    0
CNEIN2002R  180  199   90  154  626 1152 1520 2575 2283  336  123   28
CNEIN2003R  110  398  167  178  305 1692 3268 3176 3051 1445  181  153
CNEIN2004R  195   42   32  401  442 2028 2515 2898 1238  784    7    3
CNEIN2005R  163  162  207   80  261 1092 3752 2029 2157  898   42   65
CNEIN2006R    5    0  199  183  833 1849 3868 3170 1742  265   86    7
CNEIN2007R    4  588  245  115  545 1946 3315 3413 2683  334   64   13
CNEIN2008R  208   86   67  192  550 3537 3994 3543 2301  184   48    0
CNEIN2009R   21   14   36   29  701  640 3028 2528 1548  879  183   27
CNEIN2010R   36   76   19   44  529  908 2634 2376 2055  597  178  196
CNEIN2011R   20  133   63  245  586 2280 2184 2979 2391  123    4    2
141 NORTHEAST INDIA RAINFALL  (1871-2011) 4 SUB 267,444 SQ.KM.
NEIND1871R   11  233  689 1511 2344 3379 4032 3782 2895 1343  136   15
NEIND1872R   98  214  434 1089 2202 3215 4323 3229 3907 1975   38   37
NEIND1873R   74  182  712 1292 1317 3357 3410 3100 1789  399   62   66
NEIND1874R  352  760  645 1151 2602 3378 4148 2893 3750 2389  196    2
NEIND1875R  403  118  978 1456 2461 4836 3959 4997 1965  600   63   68
NEIND1876R   63  156  880  888 2488 4458 3880 3725 2401 1515  424   58
NEIND1877R  382  418  903 1047 2642 2436 4243 3476 3493  758  124  164
NEIND1878R  118  308  594 1298 2352 3579 4015 4933 4286 1362  485   81
NEIND1879R   37  197  149  532 2692 4531 4173 3714 3623 1340   10  143
NEIND1880R  273  604 1404 1221 2104 5341 3646 4154 2481 1516   89  150
NEIND1881R   14   91  996 1632 2876 3597 3777 4005 3718 1077  165   42
NEIND1882R   90  603  819 1023 2269 3675 2889 3970 2803 2855  378   52
NEIND1883R  193  104  619 1065 3352 3495 3529 4395 2381  381   78  628
NEIND1884R   89  287  630 1487 2440 3390 3045 3272 1990 1390  216   28
NEIND1885R   81  305  640 1192 1694 3598 4181 3614 3821  937  266  141
NEIND1886R   48   75  848  954 2118 3699 4857 4146 3795 1070   26   80
NEIND1887R  478   37 1221 1118 2422 4567 2899 3277 2601  736  246    0
NEIND1888R  252  377  871 1887 2391 3246 4038 4085 2191  752  215    0
NEIND1889R  265  363  361 1117 2112 4547 3794 2744 3335  924  648   16
NEIND1890R  170   23  824 1121 1678 4578 4466 3382 2577 1838   81   95
NEIND1891R   57  419  793 1033 3156 2842 3832 3174 2240  433  401    2
NEIND1892R   56  300  498 2111 3142 3008 3783 3819 2294 1236  462   45
NEIND1893R  265  636  839 1487 3375 4719 4580 3500 3118 1538   67   22
NEIND1894R   22  401 1058 1219 2425 4000 3353 3890 3438 2238  791  128
NEIND1895R   79   75  579 1606 2471 2761 4964 3364 2619 1080  167  258
NEIND1896R  152  480  464 1328 2203 2716 3488 2707 2489  196   50   17
NEIND1897R   41  183 1060  617 2420 3453 3497 3839 3609 1847  244    7
NEIND1898R  127  329  147  864 1563 4452 3389 4263 3053 1735   28   67
NEIND1899R  225  337  680 1300 2582 4413 4728 3893 3373 1495   91   75
NEIND1900R   69  424  828 1638 1995 3451 3894 2266 2982  656   51   61
NEIND1901R  246  272  196 1481 1299 3812 3312 3659 2831 1431  869   14
NEIND1902R   28   47  595 2265 2040 4070 3871 3679 3633  956   85   46
NEIND1903R  135  275  843  620 1305 4351 2752 4091 2865 1644  418    3
NEIND1904R   48  430  399 2731 2466 3297 4044 3669 2280  930  464   27
NEIND1905R  174  310 1462 1288 1988 3113 4380 5319 2704 1787   67  164
NEIND1906R  156  780  787 1313 2048 3248 4116 4525 3159 1409  305   11
NEIND1907R  254  305 1023 1575 1538 3815 3992 2592 2981  314   44  227
NEIND1908R  177  177  103  890 2173 3394 4455 2645 3044  832  193    0
NEIND1909R  122   59   23 1585 1902 4719 2718 4625 2296 1493  309  235
NEIND1910R  117  200  681 1202 1815 4247 4967 3316 2770 1726   96   20
NEIND1911R  418   86  593 1408 2663 4071 3868 3268 2948 1834  126    8
NEIND1912R   64  380  985 1959 1882 2970 4512 3447 2147 1472  745   37
NEIND1913R   51  735  741 1563 2883 4751 4288 3287 2183 1795  189  244
NEIND1914R   26  595  570 1854 2472 3021 3753 3955 2131  670   75  282
NEIND1915R   85  363  782 1314 3971 3622 4480 4106 2368 1309  342   12
NEIND1916R   81  157  305 1588 1846 3793 3485 3761 3181 2838  489   25
NEIND1917R   24  651  290 1407 1627 4217 4084 2969 2870 2438  405    8
NEIND1918R   34   60  762 1086 2337 5255 5086 4877 2711  500   64   18
NEIND1919R  218  148  186 1049 1895 3726 3666 2982 2917 1082  488    9
NEIND1920R   29  371 1634  986 1677 3065 3126 3866 3313 1309   40   17
NEIND1921R  328  124 1077 1784 2413 4004 4327 3893 2928 1437   69   52
NEIND1922R  114   37  377  893 1445 4862 3411 4103 2600 1045  161   43
NEIND1923R    1  659  234 1449 2277 4191 3452 3279 2577 1024  316   37
NEIND1924R   56  218   96 1338 2135 3600 4647 3472 2830 1057 1254    4
NEIND1925R  172  185  386 1608 3248 2795 3596 3357 2660 1419  148    3
NEIND1926R  267  230 1258 1004 1964 3413 5032 3570 2381 1350   99  288
NEIND1927R  345  681  452 1766 2075 3645 4054 3186 3942 1225  179    0
NEIND1928R  106  176  301  905 2676 3993 3785 3784 2419 2390  129   12
NEIND1929R  546   86  661 1898 3128 4882 3775 3467 2482 1982   82  240
NEIND1930R  142  338  694 1197 1625 4521 3438 3537 2568  935 1311   17
NEIND1931R   38  410  404 1251 2393 4061 4913 2656 2769 1707  379  141
NEIND1932R   94  336  440 1191 3160 3983 3788 3444 2506  771 1044  112
NEIND1933R  118  256  149 1477 2171 3645 3647 4729 2222 1174   47   40
NEIND1934R  100  689  180 1572 2558 5325 4143 2987 2361 1734  571  102
NEIND1935R   57  356  370  812 1570 4465 3080 4787 2584  435   93    9
NEIND1936R   96  402  519 1258 3839 3708 4342 3417 2945 1547  141   91
NEIND1937R   22  638  122  552 2768 3573 3281 4240 2637 1542  110  216
NEIND1938R  219  183  664 1088 2968 4006 3715 4132 2871 1214  535    4
NEIND1939R   40  298  194  977 2095 3981 4311 2986 3308 1789  135   22
NEIND1940R   12  448 1496  371 2660 3459 3482 3539 3171  945  155  123
NEIND1941R  290  291  290 1497 3511 4847 3753 3243 2452 1798  432   51
NEIND1942R   41  183  650 1761 2574 4176 3142 3663 3866  830  591    0
NEIND1943R  482  355  934 1597 2007 3757 3790 3743 3251  833   34   14
NEIND1944R  508  191  468 1062 2508 3366 3786 3663 3068  833   24   36
NEIND1945R  424  302  421 1090 2334 3920 3636 3714 2609 2254   68  102
NEIND1946R    4  158  927 1923 2255 4027 4711 2793 2587 3480  139  119
NEIND1947R   34   69  535 1376 2676 4431 4987 3360 3487 1984   24  241
NEIND1948R  302  443  448 1691 4427 3705 4161 3660 3094 1890  822   28
NEIND1949R  134  143  352 2628 3209 4172 3744 3762 3107 1342   79   64
NEIND1950R   74  359  516  582 2059 5090 3500 4317 2083 1503  828   23
NEIND1951R   20    5  439 1396 1853 4803 4885 3357 1842 2294  394   26
NEIND1952R   36   49  683 1528 3217 3328 4843 3533 3043 2805  387    6
NEIND1953R  225  186 1016  890 2718 3938 4169 3315 3936  969  258   45
NEIND1954R  119  438  179 1010 2445 4154 3805 3733 2367 1694    5  205
NEIND1955R   67   58  847 1359 2133 3745 4971 3355 2308 1413 1166   52
NEIND1956R  189  106  965 1097 3649 5741 3718 4057 2531 1595  395   95
NEIND1957R  628  309  169  799 2156 3662 3357 3050 2549  883   62   37
NEIND1958R  135  341  126 1230 3271 2788 3152 3757 2893 1368   50   71
NEIND1959R  369  400  853  794 2443 3338 3090 2974 2890 3572   45    6
NEIND1960R    1   60  394  279 2297 3273 4779 3316 3935  968  289   20
NEIND1961R  103  373 1571  751 2466 3632 3141 3099 2727 1119  232   28
NEIND1962R  162  238  112 1232 2064 4085 2939 3771 1662 1271   20   15
NEIND1963R   22   44  436 1305 2248 4379 4048 3661 2345 1740  176   28
NEIND1964R   56  182  494 1820 2143 3624 4840 2690 2999 2057  192   54
NEIND1965R   21  551  544  834 1906 4216 3795 3654 2506  979  308  159
NEIND1966R  235   60  162  822 2171 5012 3742 4011 2636 1529  386  245
NEIND1967R  301  251  982 1158 1787 2921 3694 2824 3277 1062   96   15
NEIND1968R  147  202  561  971 2104 4417 5155 3949 1871 1338  298    9
NEIND1969R  113   17  688 1385 1741 3938 3774 3888 2095  815  270   22
NEIND1970R  400  350  577 1145 1957 4293 4416 3034 3172 2350  473   12
NEIND1971R  159  155  250 1913 2016 3599 3841 3938 2358 2046  783   27
NEIND1972R   65  310  404 1260 1896 3552 3294 3174 2052  661   70   13
NEIND1973R   90  486  399 1473 2746 4635 2972 3174 3336 1717  840  654
NEIND1974R  160   27  821 1387 2162 3669 6464 3949 2873 1782  281   15
NEIND1975R   75  211  180 1051 2128 2612 4647 2719 2795 1588  493    8
NEIND1976R   67  373  855 1446 1695 4281 4328 3186 1730  548  163   45
NEIND1977R   85  201  377 2821 2616 3929 4222 3825 1873 1435  451  287
NEIND1978R   18  102  403  919 2266 3590 3272 2941 3505  923  339   19
NEIND1979R   65  149  449  713 1103 2627 4768 2514 3559 1280  237  356
NEIND1980R   74  306  838 1111 2664 3158 3893 2997 2095 1892    3   12
NEIND1981R  266  351  772 1641 2702 2391 4602 3108 2148  328   52  389
NEIND1982R   15  378  519 1959 1145 3359 3264 3357 2249  416  355   66
NEIND1983R  176  369  973 1598 2038 2794 4064 3404 3021 1990  121  276
NEIND1984R  139   42   95 1078 2682 4151 4238 3289 3160 1201   37  143
NEIND1985R   58  292  695 1221 2264 3859 3936 2752 2540  752  102   82
NEIND1986R   77  115  204 1951 1605 2802 3395 2915 3337 2448  775   83
NEIND1987R   63  204  789 1440 1336 3249 4646 4108 3904  765  339   59
NEIND1988R   49  280  723  965 3264 3606 4990 5099 2732 1878 1363   94
NEIND1989R   68  323  251 1206 2180 3480 5594 2763 3605 2313  121   94
NEIND1990R   43  467  985 2139 2296 3554 3900 2543 3121 1757  367   63
NEIND1991R  157  281  587 1189 2455 3802 3347 2952 3830 1583  179  473
NEIND1992R   75  496  443  922 1829 2365 3594 3013 2580 1160  105  128
NEIND1993R  229  949  822 1289 3313 5041 5235 4407 3590 1219  148   17
NEIND1994R  171  681 1284 2202 2132 3666 3361 3335 2145 1351  155    4
NEIND1995R  103  452  388  935 2626 4055 4470 3879 4107  846 1139   51
NEIND1996R  107  325 1095  940 3042 2628 3877 3635 2484 1636   80    5
NEIND1997R  126  347  799 1184 1838 3717 4524 3283 3509  322  193  412
NEIND1998R  272  393 1405 1390 1963 3358 4550 3963 2234 1546  585    6
NEIND1999R    7    0  265  928 3332 2852 4655 4369 3165 2169  122   48
NEIND2000R  155  289  579 1862 3270 3481 3101 3741 3792 1148  175   11
NEIND2001R   19  465  344 1356 2387 3830 3095 2629 2758 2181  355   28
NEIND2002R  185   62  703 2047 2156 3526 4616 3785 2674  723  774   39
NEIND2003R   43  328  768 1640 2028 4161 3714 2966 2498 2291  116  269
NEIND2004R   88  149  368 2636 2255 3394 4910 2810 3275 2247   25   33
NEIND2005R  251  352 1461 1262 2207 2571 3651 3842 2301 2530   98   55
NEIND2006R    2  300  115 1271 2291 3452 3437 2690 2587  889  196   65
NEIND2007R   18  928  298 1948 1929 3787 5146 3097 3594 1213  454   27
NEIND2008R  530  190  762 1097 1659 3483 3527 3902 2219 1219   17    2
NEIND2009R   21   71  307  783 2087 1917 3120 3775 2020 1224  124   10
NEIND2010R    8   98  604 2034 2439 3416 2855 2966 2536 1130   85  173
NEIND2011R   66   74  737  769 2177 3438 2878 3303 2223  407   77    8
141 PENINSULAR INDIA RAINFALL  (1871-2011) 6 SUB 442,908 SQ.KM.
PENIN1871R  514  106  338  427  872 1610 2106  986 1504 1012 1598  107
PENIN1872R    4   41   33  299  967 1817 2221 1631 1743 1576 1519  600
PENIN1873R    1  392   23  504  711 1499 1625 1340 1109 2542  460  210
PENIN1874R    2   68   14  225 1915 2236 2316 1123 2484 2418  782  226
PENIN1875R   55   21  146  286  607 1757 1701 1519 1232 1530  341  204
PENIN1876R    1    0  156  216  512 1395 1852 1292  697  469  331  128
PENIN1877R   38   56  277  229  960 1747  777 1360 2071 2597  874  759
PENIN1878R   60    0   60  506  846 1881 2199 3001 2295 1911  805  637
PENIN1879R   83   72  314  146 1978 1473 1980 1713  943 1639  999  197
PENIN1880R   44   56   50  426  893 1638 1612 1259  917 1832 2347  440
PENIN1881R   51    0  136  128  694 1100  848 2161 1524  646 1464  303
PENIN1882R  240   10   40  195 1114 1790 2649 1497 1553 1438 2337  317
PENIN1883R   17  106  167  269  772 1662 2029 1893  756 2715 1309  510
PENIN1884R   84   17   40  138  454 1106 1189 1761 1244 2211 1584  987
PENIN1885R   15    9  158   88  614 2096 1928 1054 1313 1992 1270  952
PENIN1886R   45    2   99  117 1473 1734 2378 1841 1382 2200  936  295
PENIN1887R    0   17  101  321  589 2332 1485 1414 1257 2482 1632  705
PENIN1888R   23    8   12  293 1178 2024 1556 1334 1204 1347 1817  447
PENIN1889R   27    6   77  444  594 2108 1990 1743 2495 2093  457  421
PENIN1890R   31   38  145  575  667 1790 1817 1256 1143 1566 1063  177
PENIN1891R   39  228  177  349  556 1433 1482 1019  783 2088  566  461
PENIN1892R    5   70   55  569  823 1621 2380 2707 1294 2463  274  181
PENIN1893R   55  137  479  347  911 1991 2007  998 1202 1949 2585   85
PENIN1894R   69  124  257  538  564 1288 1524 1887 1165 2299  855  169
PENIN1895R    4    9   31  673  587 1485 2017 1547 1610 2456  564  527
PENIN1896R   66    0   44  162  729 1996 1645 1779 1201  735 1765  648
PENIN1897R   51  275  122  294  694 1885 1975 2100 2614 1156  506  101
PENIN1898R   40  143   26  419  645 1628 1736  983 2205 1854 2205  480
PENIN1899R   26   59   28 1328  658 1365  624  836 1463 1648  211  114
PENIN1900R   79    6   12  760  487 1753 2259 1282 1670 1417  565  321
PENIN1901R  137  551   95  347  670 1775 1570 1137 1491 1379 1805  557
PENIN1902R  229   37  144  270  641 1289 2312 1473 1894 2645 1099  972
PENIN1903R  120   31    1  140 1236 1601 2540 1817 2202 1697 2215  851
PENIN1904R  197    3   51  219 1253 2035 1862  844  946 1753  102  230
PENIN1905R   27  101  185  349  841 1705 1126 1803  858 2043  542   15
PENIN1906R  374  137  106   62  356 1609 2173 2258 1127 1438  887 1129
PENIN1907R   64   13  165  763  357 1842 1917 1684 1265  989 1317  469
PENIN1908R  250  124  141  260  597 1257 2262 1310 1848 1674  241   65
PENIN1909R  628   51   86  641 1590 1515 1952 2359 1536  949  436  250
PENIN1910R   23   85   46  303  475 1829 2166 2095 1474 2556 1225    3
PENIN1911R   10    7   76  255  749 1829 1757  811 1064 1454 1228  663
PENIN1912R   24   33   48  276  552 1716 2096 1930 1530 2362 1566  103
PENIN1913R   11   45   22  178  761 1243 1927  760 1346 2286  805  601
PENIN1914R   17   10   30  264  593 1413 2189 1773 1739 1700  930  636
PENIN1915R  369   96  470  357  618 1885 2166 1353 1929 1097 2338  214
PENIN1916R    0   27   20  206  848 1804 2568 1720 1667 2467 1444  178
PENIN1917R   35  318  188  102  800 2144 1281 2090 2203 1864 1385  228
PENIN1918R  433   42  149  162 1639 1201  729 1082 1031  499 2496  467
PENIN1919R  174   27  125  237  952 1470 2094 1145 1914 1400 2231  640
PENIN1920R  628   28   40  482  481 1892 1592 1109 1444 1887 1942   22
PENIN1921R  675    3   20  627  330 1300 2162 1927 1223 2218  791  224
PENIN1922R  274   91   41  251  965 1559 2201 1184  827 1803 2566  249
PENIN1923R  536  109  285  187  434 1316 2208 1597 1733 1780  720  540
PENIN1924R  112    6  168  325  696 1834 2893 1568 2072  890 1584  217
PENIN1925R   75   25  283  402 1220 1671 1799 1874  960 1701 1591 1026
PENIN1926R  380   22  274  328  595 1414 2010 1495 1641 1217  585   95
PENIN1927R  113  128  188  273  746 1806 2129 1187 1883  724 1635  115
PENIN1928R   95  426  113  416  462 1407 1735 1705  925 2501  783  399
PENIN1929R   84  249   97  809  624 2300 1595 1067 1727 1693 1206  420
PENIN1930R  203  264  148  205 1815 1753 1166  929 1622 3515 1456  413
PENIN1931R  101    0   17  390  673 1475 1908 1994 1520 1457 1518 1321
PENIN1932R    4  265   63  324 1518 1072 1719 1783 1254 2139 1848  296
PENIN1933R    8   24  237  403 1815 1694 2110 2120 1458 2304  702  671
PENIN1934R  385    8   56  352  436 2023 1555 1181  549 2233  825   85
PENIN1935R  200   13   67  403  235 1415 1744 1811 1186 2056  559  285
PENIN1936R   24  431  335  221 1234 1801 1886 1107 1476 1299 1827  259
PENIN1937R   45  190  168 1001  543 1192 2344 1135 1154 2030 1300  138
PENIN1938R    0  283  236  343  642 1676 1778 2061 2011  789  562  198
PENIN1939R  165   21  196  947  413 1530 1549 1368 1243 2783 1830   44
PENIN1940R    6    8  169  474 1327 1729 2003 1928 1271 1890 2362  375
PENIN1941R  106   55   18  410  937 1871 1132 1255 1723 1620 1224  722
PENIN1942R    1   22   40  553  647 1998 1742 1431 1027 1408  613  856
PENIN1943R  558  104   78  531 2199 1699 1759  915 1401 3063  994  218
PENIN1944R   94  204  722  216  622 1710 2007 1150 1303 2343 1666  491
PENIN1945R   21   25   23  491  499 1293 2390 1433 1093 1290 1120   60
PENIN1946R   59   19  299  482  678 1937 1764 1896 1396 1549 2770 1533
PENIN1947R  303  118  252  542  381 1420 2112 2351 1922 1444  258  403
PENIN1948R  207   60  129  348  872 1733 1783 1640 1097 1209 1903  169
PENIN1949R   34    8    7  384 1442 1574 2413 1967 1918 1703  569   19
PENIN1950R    4  310  110   94  785 1413 2283 1513 1654 1495  951  140
PENIN1951R   47    3  207  781  894 1767 2159 1011 1432 1140 1207   45
PENIN1952R   48  211   59  261 1235 1409 1424 1295  514 1739  142 1033
PENIN1953R   94   51   30  696  344 1321 2940 1153 1426 3129  437   61
PENIN1954R  275   12  332  430  913 1535 2359 1845 1096 2344  108  587
PENIN1955R  114   25  115  621 2015 1660 1402 1652 1933 2071  887  648
PENIN1956R   92   17   15  560 1059 2044 1930 1281 1565 2889 1552  294
PENIN1957R    7   36  144  197 1171 2208 1930 1491  836 1722 1332  270
PENIN1958R   58   70  145  517 1164 1626 1757 2068 1123 1980 1313  125
PENIN1959R   24  237    8  508  934 2160 2618 1372 1608 1416  966  258
PENIN1960R   28   37  145  413 1141 1317 2209  949 2216 1180 2181  141
PENIN1961R  278  145   32  300 1363 2473 2894 2091 1570 1940  810  183
PENIN1962R   77  167   89  502 1540  920 2081 2020 1898 3064  457  609
PENIN1963R  298   39  196  550  519 1292 1935 2041 1195 2064  820  578
PENIN1964R    7    6  112  151  519 1231 2519 1874 2309 1568 1317  285
PENIN1965R   38   39   39  389  476 1353 1485 1751 1191  729  751 1064
PENIN1966R  136   23   78  247  746 1430 1976 1400 1763 1992 2339  559
PENIN1967R  200    1  308  218  644 1602 2422 1336 1052 1309  723  928
PENIN1968R   24   84  249  712  398 1561 2421  815 1698 1350 1015  341
PENIN1969R    9   40   39  317 1130 1282 2016 1511  874 2532 1400  757
PENIN1970R   57   57  101  477 1189 1609 1749 2212 1342 1836  907   49
PENIN1971R  114  110  206  625 1078 1753 1651 1727 1563 1746  362  637
PENIN1972R   17   40    2  228 1452 1435 1564  840 1545 2470  899  965
PENIN1973R    0    1   18  235  577 1505 1680 1946 1225 2118  591  534
PENIN1974R    7   98   76  345 1037 1036 2337 1397 2447 1696  425   75
PENIN1975R   20   47  295  236  743 2287 2240 2076 2015 2385 1172  169
PENIN1976R    5    1   83  528  386  902 1955 1889  811 1347 2349  189
PENIN1977R   11   65  113  492 1258 1666 1999 1591 1116 2666 2406   91
PENIN1978R   52  186   44  387 1076 1995 2257 1765 1829 1228 1733  840
PENIN1979R    8  278   61  256  821 1673 1570 1148 1967 1161 2785  283
PENIN1980R    6    8   41  445  523 1940 1900 1616 1092 1322 1423  335
PENIN1981R  119   21  243  299  759 2020 1850 1840 2244 1992  807  311
PENIN1982R    7    0   55  266  668 1654 1615 1525 1010 1384 1416  163
PENIN1983R    2   16   31   52  663 1411 2043 2477 2520 1421  659 1182
PENIN1984R  191  802  626  518  352 1505 2083  826 1310 1353  798  357
PENIN1985R  448   46  113  272  543 1831 1497 1496 1134 1467 1107  583
PENIN1986R  398  227  102  247  501 1593 1097 1741 1442 1320 1158  238
PENIN1987R   79    1  191  211  495 1618  943 1706 1118 2161 1696  915
PENIN1988R    0   38  168  682  719 1397 2411 2403 2232  597  568  314
PENIN1989R   22    0  273  253  526 1719 2811 1385 1783 1069  789  207
PENIN1990R  264  123  289  188 2170 1280 1451 1697 1191 2099 1234  152
PENIN1991R  120   41   70  413  607 2816 2008 1505 1344 2095 1670   93
PENIN1992R   34   17    0  193  751 1893 1798 1638 1542 1374 2330  372
PENIN1993R    6   39   90  210  598 1594 2066 1340 1201 2435 1508 1130
PENIN1994R  101  258   53  392  632 1761 2247 1360  814 2582 1722  215
PENIN1995R  308   33  140  337 1767 1403 2038 1575  975 1830  780   28
PENIN1996R   30   25   17  625  359 2730 1659 1988 2128 2239  832 1018
PENIN1997R  112    9  142  450  461 1499 1982 1547 2119 1589 1967 1051
PENIN1998R   47   68   29  303  658 1632 1854 2103 2340 2084 1393  678
PENIN1999R   34  151   25  386 1232 1589 1723 1097 1096 2377  912  193
PENIN2000R  115  673   37  323  662 1803 1271 2471 1326 1243  712  434
PENIN2001R   69   46   19  954  588 1389 1506 1232 1939 2255  888  375
PENIN2002R  188  396   44  211 1009 1557  737 1297  746 2296  824  188
PENIN2003R   13  138  258  345  297 1576 1872 1471  858 2203  613  275
PENIN2004R   70   20   65  452 2347 1516 1542 1038 1639 2145  865   84
PENIN2005R   85   58   80  922  708 1465 2220 1365 1939 3191 1680  472
PENIN2006R   79    2  420  334 1262 1843 1247 1368 1658 2486 1560  106
PENIN2007R   28   81   20  494  679 2641 2006 2178 2027 2313  533  596
PENIN2008R   83  375 1320  323  542 1299 1691 1966 1205 1988 1752  204
PENIN2009R   30    1  219  225  768 1074 2072 1364 1928  979 2084  495
PENIN2010R  161    7   53  415 1182 1783 2163 1885 1627 1844 2822  758
PENIN2011R   59  204   70  738  582 1788 1743 1978 1277 1591 1372  291
