SAUKU1871R 0 0 0 2 400 404 510 1888 166 65 278 55
SAUKU1872R 0 0 0 0 2 1330 2040 716 582 5 0 1
SAUKU1873R 1 195 0 0 29 237 1316 1333 300 3 0 15
SAUKU1874R 35 0 0 0 13 1260 1773 770 256 0 0 0
SAUKU1875R 0 111 70 41 5 404 984 470 570 0 0 46
SAUKU1876R 0 0 0 0 10 390 1621 875 337 0 10 0
SAUKU1877R 50 91 0 5 35 387 177 55 1803 670 29 34
SAUKU1878R 6 0 0 1 6 2198 4337 2258 1998 75 0 0
SAUKU1879R 0 22 0 0 162 1139 355 1423 555 24 0 0
SAUKU1880R 0 2 0 0 8 332 1278 390 1633 492 0 0
SAUKU1881R 0 2 0 298 3 116 4025 970 629 0 0 1
SAUKU1882R 12 1 0 0 0 733 3041 420 460 3 16 0
SAUKU1883R 61 0 146 2 45 790 2937 143 909 206 0 0
SAUKU1884R 0 2 2 0 0 1583 3603 995 1786 30 0 29
SAUKU1885R 17 0 0 0 113 313 1861 3035 116 241 11 4
SAUKU1886R 11 0 0 0 69 975 4275 530 135 297 6 0
SAUKU1887R 0 0 0 0 0 765 2955 462 100 4 70 16
SAUKU1888R 98 242 0 0 0 316 1298 1361 8 2 510 0
SAUKU1889R 5 0 0 0 143 382 3287 800 317 262 0 0
SAUKU1890R 0 0 0 3 10 1109 1055 780 243 58 8 133
SAUKU1891R 64 6 11 1 1 121 2586 277 600 22 0 0
SAUKU1892R 0 0 0 0 128 322 2100 916 1111 332 0 2
SAUKU1893R 10 113 0 0 8 2141 1108 285 290 2 375 17
SAUKU1894R 8 0 17 0 22 1958 6029 173 685 419 0 13
SAUKU1895R 0 18 12 0 0 592 2108 996 106 192 0 0
SAUKU1896R 0 16 0 0 12 1946 2081 1411 105 0 612 1
SAUKU1897R 16 0 0 0 3 70 1648 1826 1278 303 0 0
SAUKU1898R 0 55 0 0 59 715 2081 227 1106 0 32 54
SAUKU1899R 0 0 0 0 18 597 25 61 133 0 0 0
SAUKU1900R 6 0 0 13 70 12 1340 4722 644 0 0 0
SAUKU1901R 0 0 1 1 35 56 724 665 198 29 0 0
SAUKU1902R 0 0 0 5 12 116 1099 1483 1356 17 0 20
SAUKU1903R 2 0 27 0 41 98 3370 1301 751 63 0 0
SAUKU1904R 20 51 158 0 0 46 954 70 555 1 50 0
SAUKU1905R 17 17 4 30 0 37 2088 197 186 0 0 0
SAUKU1906R 5 316 0 0 0 1146 1551 1456 495 185 0 5
SAUKU1907R 0 276 0 17 0 590 1520 1901 25 0 0 0
SAUKU1908R 46 0 0 0 0 257 2433 1446 120 3 0 0
SAUKU1909R 0 65 0 24 3 1255 2058 510 1900 13 0 131
SAUKU1910R 4 0 0 10 0 1846 2118 2298 207 25 0 0
SAUKU1911R 22 0 357 0 6 339 61 275 196 4 1 6
SAUKU1912R 0 0 2 6 0 758 4295 1160 172 32 17 0
SAUKU1913R 0 0 0 0 0 1651 3112 1283 1034 1 0 0
SAUKU1914R 0 93 0 0 32 1650 1128 460 2213 25 18 0
SAUKU1915R 25 12 151 41 6 427 1116 78 212 475 0 6
SAUKU1916R 0 0 0 2 1 355 1129 1981 841 335 0 0
SAUKU1917R 43 11 0 12 654 766 1533 2463 1105 2095 0 0
SAUKU1918R 0 0 16 0 55 22 320 417 105 0 0 0
SAUKU1919R 96 0 0 15 12 257 1416 1556 680 91 156 0
SAUKU1920R 80 35 6 0 206 1846 1521 525 138 0 0 0
SAUKU1921R 0 0 0 0 0 186 2980 668 1570 8 0 0
SAUKU1922R 0 0 0 0 0 276 1171 322 1254 88 1 37
SAUKU1923R 0 230 0 20 1 1 705 945 162 13 0 0
SAUKU1924R 0 1 0 0 16 459 954 678 731 1 0 2
SAUKU1925R 0 0 0 0 151 1726 617 155 98 6 86 0
SAUKU1926R 35 0 0 25 482 168 2253 2588 3617 20 0 0
SAUKU1927R 0 55 0 0 40 693 3968 385 648 291 12 51
SAUKU1928R 22 0 0 4 0 78 2531 981 874 190 113 0
SAUKU1929R 32 0 0 40 0 377 2822 555 75 155 1 226
SAUKU1930R 30 12 0 2 12 918 2075 412 322 158 0 0
SAUKU1931R 6 4 0 1 25 68 1118 1110 162 507 50 0
SAUKU1932R 0 0 0 0 5 178 3080 364 121 208 0 0
SAUKU1933R 0 70 27 63 1363 534 2253 2366 1071 22 0 3
SAUKU1934R 0 0 13 6 0 1253 1179 1124 167 8 6 0
SAUKU1935R 133 0 0 13 0 587 3297 527 291 24 0 0
SAUKU1936R 0 22 0 0 0 1071 855 146 1070 0 382 15
SAUKU1937R 0 35 0 0 0 891 2428 51 880 40 0 227
SAUKU1938R 0 0 0 0 162 1358 1078 485 32 96 0 2
SAUKU1939R 0 201 34 0 0 133 502 795 48 27 4 0
SAUKU1940R 91 69 162 0 0 971 794 1091 261 27 146 0
SAUKU1941R 1 13 0 0 15 101 3745 118 88 30 0 13
SAUKU1942R 16 285 0 0 20 120 930 1421 292 0 0 0
SAUKU1943R 1 0 0 5 53 665 3157 105 604 118 3 0
SAUKU1944R 5 0 12 0 96 635 3617 1908 177 4 0 0
SAUKU1945R 108 0 0 8 0 1175 3097 1080 969 17 0 0
SAUKU1946R 0 10 0 0 45 1085 1558 1541 237 0 51 4
SAUKU1947R 0 0 0 605 0 27 698 1950 1618 8 6 0
SAUKU1948R 140 0 0 0 13 118 123 607 595 340 58 6
SAUKU1949R 0 3 0 0 0 210 2220 2365 530 30 0 0
SAUKU1950R 4 0 0 0 0 30 4887 216 395 0 0 0
SAUKU1951R 0 0 40 48 6 394 1303 648 27 0 559 0
SAUKU1952R 0 2 0 4 1 517 2830 412 96 10 35 0
SAUKU1953R 110 0 0 0 3 527 954 4336 658 0 0 0
SAUKU1954R 16 32 13 0 0 349 1486 2061 1286 6 4 5
SAUKU1955R 0 0 8 0 22 173 260 1145 1683 118 0 8
SAUKU1956R 6 1 0 5 11 589 3127 1678 870 794 2 13
SAUKU1957R 12 0 850 3 63 705 1918 893 158 20 225 3
SAUKU1958R 22 0 0 13 0 300 1991 810 1763 345 133 34
SAUKU1959R 12 0 0 17 35 669 6717 1164 2170 1556 65 0
SAUKU1960R 0 0 27 0 91 853 1421 202 302 0 0 0
SAUKU1961R 8 156 0 1 10 1328 3133 1513 1548 153 0 0
SAUKU1962R 0 0 20 0 10 146 1573 1149 776 0 123 17
SAUKU1963R 6 0 10 0 6 202 699 1250 671 337 318 0
SAUKU1964R 8 0 0 0 44 1038 1756 1556 505 0 0 0
SAUKU1965R 53 0 0 27 10 0 2478 1246 292 1 40 0
SAUKU1966R 0 0 0 0 0 674 1625 49 659 29 0 0
SAUKU1967R 0 0 460 6 0 610 5134 780 148 2 0 225
SAUKU1968R 27 3 4 0 0 101 774 2025 222 32 0 0
SAUKU1969R 0 0 0 0 0 369 1683 227 195 0 191 17
SAUKU1970R 4 8 0 8 69 875 1808 2951 2116 285 0 0
SAUKU1971R 0 0 0 0 17 930 1648 1100 482 3 0 0
SAUKU1972R 0 46 0 0 4 678 1003 355 27 0 0 0
SAUKU1973R 32 0 0 0 29 475 1896 704 609 24 0 0
SAUKU1974R 0 0 0 0 73 73 308 282 311 337 0 10
SAUKU1975R 16 0 0 0 2 635 530 1558 1483 1466 0 0
SAUKU1976R 85 2 69 0 0 1033 1345 1511 818 32 307 0
SAUKU1977R 44 0 0 0 151 880 1628 975 1531 5 75 0
SAUKU1978R 0 12 0 12 0 2086 843 1386 80 60 233 12
SAUKU1979R 0 40 0 1 4 1698 360 6127 350 93 1065 0
SAUKU1980R 32 4 0 0 4 2336 2817 788 181 10 25 91
SAUKU1981R 44 0 1 4 37 372 1951 1736 840 217 1106 0
SAUKU1982R 12 0 1 30 295 32 1370 765 155 22 964 0
SAUKU1983R 18 3 0 65 0 1888 1725 2160 296 108 0 0
SAUKU1984R 0 0 0 0 0 330 813 1174 1563 0 0 0
SAUKU1985R 0 0 0 0 53 167 634 950 233 644 0 0
SAUKU1986R 0 0 0 0 46 1320 210 587 15 0 0 10
SAUKU1987R 0 0 17 0 0 252 178 187 5 2 40 30
SAUKU1988R 0 0 0 76 0 166 4103 1185 1625 22 0 0
SAUKU1989R 27 0 12 0 0 1523 1878 1351 437 59 0 0
SAUKU1990R 0 128 0 0 101 258 303 2686 700 162 4 4
SAUKU1991R 0 0 0 0 0 342 1808 497 79 0 0 6
SAUKU1992R 101 0 0 0 12 400 2271 1125 850 85 0 0
SAUKU1993R 27 76 0 12 0 272 1206 71 632 297 236 0
SAUKU1994R 55 2 0 0 5 834 2942 1079 1591 0 0 0
SAUKU1995R 2 0 17 2 2 73 2076 302 1201 156 0 0
SAUKU1996R 46 0 1 79 2 1501 1906 288 85 429 0 0
SAUKU1997R 136 0 6 48 25 1595 1234 753 1701 29 6 1
SAUKU1998R 0 8 0 0 2 1084 1956 1421 512 1163 20 0
SAUKU1999R 6 108 0 0 1225 760 550 176 242 625 0 0
SAUKU2000R 0 0 0 0 108 130 1998 730 40 22 0 2
SAUKU2001R 0 0 0 27 146 1791 1636 914 83 45 0 0
SAUKU2002R 0 0 2 0 1 1891 203 1200 105 0 12 10
SAUKU2003R 0 50 0 8 2 562 3355 1803 238 39 0 0
SAUKU2004R 10 0 0 0 690 751 925 2006 253 187 0 1
SAUKU2005R 0 0 0 21 17 1718 1168 526 2290 14 0 0
SAUKU2006R 0 0 115 0 0 655 3666 1824 623 5 1 13
SAUKU2007R 0 148 0 0 4 1105 1936 4542 1800 1 26 0
SAUKU2008R 7 17 3 93 0 837 1791 906 1980 42 14 84
SAUKU2009R 0 0 0 0 0 574 4162 829 92 28 8 0
SAUKU2010R 3 0 0 0 2 600 3948 2723 1668 54 407 0
SAUKU2011R 0 256 0 0 0 190 2016 2528 1829 25 0 0
