TELNG1871R 0 0 34 46 66 751 1325 535 2133 302 39 0
TELNG1872R 0 0 0 86 6 696 1673 1204 1863 1346 70 372
TELNG1873R 0 0 49 0 205 1105 848 1498 1803 325 18 11
TELNG1874R 1 0 20 61 145 691 1813 1229 3336 280 103 46
TELNG1875R 6 0 76 227 242 1565 1793 1121 625 587 0 46
TELNG1876R 0 0 93 60 58 739 1558 1493 765 76 45 0
TELNG1877R 96 200 487 490 397 726 582 906 1496 1448 136 447
TELNG1878R 0 0 68 143 316 1105 2977 3831 1716 1398 172 0
TELNG1879R 0 108 2 41 656 1170 1725 2877 738 1160 380 0
TELNG1880R 0 4 12 98 210 1556 1816 860 2016 474 452 115
TELNG1881R 0 0 193 187 148 1038 1033 1440 1828 525 397 0
TELNG1882R 22 0 0 130 198 1068 2058 1663 2737 98 610 0
TELNG1883R 0 0 427 40 113 2048 2193 2896 2388 658 88 0
TELNG1884R 268 0 96 148 258 783 3362 1683 2136 547 5 327
TELNG1885R 0 3 90 81 470 1015 2055 1143 1786 1098 738 542
TELNG1886R 0 0 202 18 233 2060 3027 3081 775 1898 123 76
TELNG1887R 0 0 1 70 95 1558 1973 1755 1370 519 247 6
TELNG1888R 86 83 17 151 569 1045 2276 1233 654 54 769 48
TELNG1889R 0 0 68 113 35 1066 2451 2717 2281 1263 45 27
TELNG1890R 0 0 12 171 141 1903 2208 1641 2303 225 414 120
TELNG1891R 3 126 161 128 58 382 1610 2268 1550 265 0 0
TELNG1892R 0 0 0 146 133 1538 1826 4015 3200 1753 141 10
TELNG1893R 141 110 1240 50 195 1821 2642 3672 3225 1251 494 0
TELNG1894R 146 10 56 141 60 1381 1781 2511 2967 683 470 0
TELNG1895R 0 80 50 222 103 785 2368 2023 2303 748 48 0
TELNG1896R 0 0 63 81 4 1050 2200 1815 510 101 629 0
TELNG1897R 0 100 0 186 125 844 1943 2193 2170 500 0 0
TELNG1898R 0 198 27 335 60 1024 3526 1431 1836 489 550 0
TELNG1899R 0 0 20 350 318 1059 602 1353 1160 20 0 0
TELNG1900R 12 2 64 260 66 1140 3091 1341 2456 357 61 0
TELNG1901R 69 791 116 452 222 1010 2113 1831 721 700 95 0
TELNG1902R 2 0 17 302 156 880 1228 1923 1630 502 412 125
TELNG1903R 98 22 0 125 359 955 3681 2952 1980 2013 352 95
TELNG1904R 1 0 73 24 382 1473 1563 678 1766 906 0 0
TELNG1905R 0 53 133 410 280 1054 850 2558 1738 410 0 0
TELNG1906R 267 6 161 22 60 2503 2133 2116 1243 344 106 419
TELNG1907R 8 29 86 663 43 2015 1371 2343 1051 4 66 93
TELNG1908R 146 58 50 88 83 865 2010 1990 5107 39 0 2
TELNG1909R 32 22 3 414 65 1191 2406 1403 1306 25 0 1
TELNG1910R 0 0 1 81 213 2325 1515 1441 2278 1280 369 0
TELNG1911R 0 0 43 128 108 1281 1528 1566 1303 187 143 76
TELNG1912R 0 310 0 235 151 497 2691 1930 1133 233 330 12
TELNG1913R 0 103 0 141 312 869 2996 1124 980 587 58 40
TELNG1914R 0 0 4 156 387 2036 2668 2048 2166 225 40 30
TELNG1915R 178 93 635 172 296 1893 2018 2006 1913 1433 243 2
TELNG1916R 51 182 0 108 227 1821 2623 1656 2478 1736 951 0
TELNG1917R 0 447 151 215 519 1843 2580 1813 2856 1146 197 0
TELNG1918R 113 24 173 190 780 853 1288 940 1303 108 251 283
TELNG1919R 162 162 306 226 313 1613 1406 968 1230 891 843 121
TELNG1920R 64 0 20 163 236 773 1433 974 996 203 22 0
TELNG1921R 108 0 2 141 64 1846 2231 1155 1943 624 360 35
TELNG1922R 559 0 0 39 305 1121 1728 1383 1581 402 257 0
TELNG1923R 6 220 111 145 121 253 2485 1001 2243 482 2 0
TELNG1924R 96 0 13 182 162 656 1526 1823 2657 560 875 0
TELNG1925R 0 0 0 306 800 1200 2446 2081 1283 1801 101 55
TELNG1926R 352 59 138 317 445 387 2130 1925 1050 201 4 0
TELNG1927R 30 123 125 55 141 1991 2488 1406 1388 557 665 0
TELNG1928R 0 238 282 25 158 1758 1875 1586 2608 950 0 70
TELNG1929R 16 455 0 207 83 1438 1035 1316 2313 572 0 91
TELNG1930R 0 56 81 178 35 1798 1275 1274 1818 958 497 0
TELNG1931R 0 45 50 50 445 1920 2647 1356 2503 1065 370 6
TELNG1932R 0 400 0 136 218 1110 2485 1748 1968 305 509 0
TELNG1933R 113 198 98 186 467 2398 2111 1686 1931 1400 302 430
TELNG1934R 0 0 48 195 32 1240 2931 1963 1438 167 375 0
TELNG1935R 186 40 6 624 46 1191 2665 1508 1948 595 0 10
TELNG1936R 8 963 221 76 810 1686 2051 1915 1391 1371 644 83
TELNG1937R 0 530 310 1356 51 629 2652 1235 1436 923 8 12
TELNG1938R 0 460 166 88 402 2503 2768 2757 2448 635 0 1
TELNG1939R 0 0 181 43 6 793 1481 1586 1239 1453 133 0
TELNG1940R 0 3 32 390 1131 1025 2611 2208 951 670 136 110
TELNG1941R 207 66 49 88 177 1049 775 1456 1770 577 13 6
TELNG1942R 0 123 1 335 123 1341 2203 2681 715 233 37 5
TELNG1943R 121 0 25 301 340 1453 1638 1083 2568 758 145 0
TELNG1944R 0 181 1094 61 115 1053 2343 1511 2255 1351 161 0
TELNG1945R 22 0 0 417 65 1500 2731 2141 1533 1104 237 5
TELNG1946R 0 197 48 291 202 1626 2526 1788 756 310 886 35
TELNG1947R 16 183 16 16 69 914 2740 2743 2642 645 187 290
TELNG1948R 1 44 55 330 262 535 2218 1491 2241 590 851 0
TELNG1949R 2 1 0 202 640 1218 2887 1458 2101 1173 17 0
TELNG1950R 0 311 248 1 205 689 2335 1458 2811 307 172 0
TELNG1951R 0 0 405 216 447 1143 2807 1311 1209 898 8 5
TELNG1952R 0 128 0 186 619 575 1851 1371 1366 1193 0 61
TELNG1953R 37 0 0 352 3 2041 1883 2757 2378 1711 0 0
TELNG1954R 0 0 53 85 197 1104 2850 2131 2843 442 0 24
TELNG1955R 0 0 48 121 442 1753 2206 3245 2433 1420 101 0
TELNG1956R 4 39 0 50 619 1941 3906 1411 1696 1113 607 17
TELNG1957R 0 55 191 387 375 1580 1988 2746 921 695 0 0
TELNG1958R 80 58 163 392 167 868 3193 2123 1018 617 318 0
TELNG1959R 0 5 0 172 407 1921 3393 3302 1471 650 45 6
TELNG1960R 1 0 360 13 237 1478 1896 919 2291 653 83 46
TELNG1961R 76 34 29 60 280 1631 3292 2023 1233 1990 151 0
TELNG1962R 0 287 45 572 195 989 2151 2476 2847 688 450 480
TELNG1963R 0 0 30 442 128 1796 1926 3407 960 1310 0 0
TELNG1964R 6 0 12 55 37 1076 1838 2003 3147 587 83 0
TELNG1965R 34 0 35 106 83 923 3407 1406 2270 25 0 0
TELNG1966R 334 22 15 60 16 577 2760 2023 2081 420 283 257
TELNG1967R 24 0 615 101 27 1503 3622 1636 1656 93 0 263
TELNG1968R 183 140 196 141 111 856 1916 382 2590 795 113 1
TELNG1969R 37 0 11 93 1140 1358 2581 1610 2308 726 655 280
TELNG1970R 73 22 91 257 454 2251 1436 3580 1758 370 0 0
TELNG1971R 32 162 70 216 567 1381 923 1763 1105 1290 0 0
TELNG1972R 0 91 0 205 130 1291 1371 910 809 605 646 15
TELNG1973R 0 0 29 44 85 1283 2165 3116 773 2408 178 4
TELNG1974R 0 1 6 168 560 951 1268 1695 1518 2233 206 0
TELNG1975R 210 123 182 83 380 1081 2567 1950 3212 1701 121 0
TELNG1976R 0 0 12 126 172 885 4238 2250 1031 128 342 0
TELNG1977R 0 0 53 171 564 986 2095 1886 645 925 725 37
TELNG1978R 237 167 34 138 278 2361 3220 3481 1638 669 425 2
TELNG1979R 116 187 1 213 890 1040 1121 1085 2571 292 577 20
TELNG1980R 20 0 111 150 211 2125 1570 2662 1321 133 27 70
TELNG1981R 103 0 392 177 280 1745 2416 2346 2647 990 83 13
TELNG1982R 13 0 48 205 322 1214 3050 1563 1450 1188 242 0
TELNG1983R 0 18 45 45 399 1375 2460 4055 2941 1803 50 69
TELNG1984R 22 15 86 283 48 836 2401 908 1608 966 25 4
TELNG1985R 25 0 131 103 138 1528 2020 1214 784 910 43 65
TELNG1986R 285 345 12 203 148 1153 1876 3227 846 475 260 163
TELNG1987R 116 3 247 91 225 880 2086 2203 617 1495 1590 12
TELNG1988R 0 48 35 268 79 1098 4951 2758 3052 298 15 197
TELNG1989R 0 0 412 10 44 2200 4115 2248 1978 291 22 182
TELNG1990R 30 70 191 45 1691 1903 1456 3268 1418 1616 93 0
TELNG1991R 111 70 20 185 248 1820 2105 1335 1306 322 412 8
TELNG1992R 12 12 0 55 218 1371 1453 2293 835 534 724 0
TELNG1993R 0 4 115 168 286 805 2348 1576 1259 1053 0 182
TELNG1994R 90 55 0 165 121 908 1910 2336 364 1466 389 0
TELNG1995R 696 0 228 141 562 1266 2063 1165 364 3358 93 0
TELNG1996R 0 48 11 216 65 1451 1621 2653 1231 1100 270 1
TELNG1997R 295 0 74 410 110 515 1426 1448 1428 654 460 238
TELNG1998R 2 140 1 93 232 1263 1875 2528 1923 1258 261 0
TELNG1999R 0 76 0 8 534 969 1828 2140 1623 540 12 0
TELNG2000R 3 372 10 96 445 2008 1841 3647 554 293 3 0
TELNG2001R 64 88 188 271 58 1465 944 2071 923 1303 3 0
TELNG2002R 231 6 30 60 272 985 710 2308 535 855 27 0
TELNG2003R 0 54 55 177 0 1135 2208 2018 1265 1018 0 262
TELNG2004R 282 96 58 275 213 630 2230 1220 1074 700 126 0
TELNG2005R 172 228 148 120 182 868 3251 1128 2731 1589 19 152
TELNG2006R 0 0 341 464 401 978 795 1935 2934 348 409 0
TELNG2007R 0 18 6 107 83 1644 1274 1787 2702 138 131 0
TELNG2008R 2 460 1159 152 83 1143 1708 2904 1808 351 160 12
TELNG2009R 24 0 59 69 247 626 1021 1447 1635 867 360 14
TELNG2010R 124 106 10 120 371 980 3547 2442 2561 937 523 237
TELNG2011R 0 151 27 371 176 767 2422 2008 941 131 18 0
