GUJRT1871R 0 0 0 6 153 1039 1756 3347 562 0 332 40
GUJRT1872R 0 0 0 2 8 2000 3662 1931 1536 13 0 5
GUJRT1873R 0 121 0 0 44 803 2897 3762 909 12 0 0
GUJRT1874R 1 0 0 0 32 1673 3831 2655 899 0 0 0
GUJRT1875R 0 245 1 51 106 1155 4345 1059 3606 32 0 3
GUJRT1876R 0 0 3 12 11 460 3201 2906 1536 0 0 0
GUJRT1877R 25 162 2 18 121 810 928 267 1083 1015 32 95
GUJRT1878R 0 0 0 15 138 1199 6440 5302 2832 217 0 0
GUJRT1879R 0 55 0 0 70 2423 1600 3581 1543 232 0 0
GUJRT1880R 0 0 0 0 6 1029 4118 1748 3040 469 5 6
GUJRT1881R 0 0 8 6 75 640 6517 2712 1431 101 3 54
GUJRT1882R 11 2 0 0 0 1823 5890 901 1753 0 5 0
GUJRT1883R 88 0 30 0 263 1695 4486 640 2368 385 0 0
GUJRT1884R 8 0 0 0 0 785 5675 1743 4771 116 0 37
GUJRT1885R 12 0 0 1 86 502 2832 3398 271 377 15 0
GUJRT1886R 0 0 2 0 111 1956 4927 2208 450 622 0 3
GUJRT1887R 4 0 0 0 27 2271 4588 1743 447 2 217 39
GUJRT1888R 83 81 0 0 0 930 1841 2838 54 10 285 0
GUJRT1889R 6 13 0 0 439 1400 3758 2717 459 226 0 0
GUJRT1890R 0 0 0 17 0 2223 2722 2193 969 40 5 8
GUJRT1891R 40 0 24 0 6 168 5370 1713 1375 51 0 0
GUJRT1892R 25 5 0 0 3 990 3672 3433 4522 165 11 2
GUJRT1893R 1 90 15 5 83 4491 3018 1715 2316 12 377 2
GUJRT1894R 35 0 8 4 20 2410 6969 925 2061 1259 0 18
GUJRT1895R 0 0 22 6 0 1310 2940 2178 625 307 0 0
GUJRT1896R 0 0 0 0 0 1830 4948 3227 256 0 217 30
GUJRT1897R 3 0 0 3 0 492 2933 3131 1811 190 0 0
GUJRT1898R 0 218 0 0 45 1511 4205 1161 1566 0 6 66
GUJRT1899R 0 0 0 0 91 1708 126 101 173 12 0 8
GUJRT1900R 0 0 0 68 25 46 1843 4590 1293 0 0 2
GUJRT1901R 18 0 6 43 70 462 2403 1628 81 88 0 4
GUJRT1902R 27 0 0 0 20 222 2348 2912 2910 17 8 81
GUJRT1903R 2 1 1 0 93 221 4747 1790 1721 20 0 0
GUJRT1904R 12 115 141 1 27 454 1746 520 851 45 0 6
GUJRT1905R 0 6 16 2 0 202 6162 242 728 12 2 1
GUJRT1906R 1 136 0 0 0 1928 3267 2521 1476 32 0 8
GUJRT1907R 3 201 2 16 0 599 3402 6385 150 0 0 0
GUJRT1908R 45 1 0 0 0 579 5862 3627 221 1 0 0
GUJRT1909R 1 4 0 45 4 1613 3620 2328 1373 8 0 50
GUJRT1910R 8 0 0 1 2 2742 2615 3380 247 203 108 0
GUJRT1911R 35 0 187 0 0 1470 656 668 574 0 34 0
GUJRT1912R 6 0 0 10 13 1004 6145 2855 395 216 355 0
GUJRT1913R 0 0 2 0 106 3830 4042 2058 1476 4 2 0
GUJRT1914R 0 35 0 0 60 2335 4357 1281 2263 81 74 0
GUJRT1915R 45 12 78 6 22 1261 1250 766 412 970 5 0
GUJRT1916R 0 0 1 0 56 1050 1800 4401 2056 340 27 0
GUJRT1917R 10 101 0 59 1240 1548 2981 3570 3523 2440 0 0
GUJRT1918R 0 0 2 0 151 419 1118 2025 208 0 0 0
GUJRT1919R 50 0 0 11 37 893 3458 5012 700 302 115 1
GUJRT1920R 382 18 0 1 695 1926 2556 970 287 0 0 0
GUJRT1921R 3 0 0 0 0 335 5530 2003 3887 6 0 0
GUJRT1922R 3 0 0 0 0 1195 3107 1235 2937 35 27 3
GUJRT1923R 0 65 6 24 65 8 2311 1366 754 11 0 0
GUJRT1924R 15 1 0 0 74 905 2993 2046 2011 177 0 6
GUJRT1925R 0 0 0 0 131 2866 1963 696 108 1 48 0
GUJRT1926R 61 0 0 25 100 178 4257 4481 3856 1 0 0
GUJRT1927R 0 45 0 6 3 1756 8625 1751 935 156 211 138
GUJRT1928R 0 1 0 0 0 640 3532 1938 1585 221 201 6
GUJRT1929R 17 0 0 68 5 1596 4100 1568 163 79 0 105
GUJRT1930R 30 0 0 0 6 1783 4028 1400 1014 515 0 6
GUJRT1931R 0 2 0 1 12 220 3171 5113 795 943 30 20
GUJRT1932R 0 0 2 4 1 542 5794 1221 1126 196 2 0
GUJRT1933R 0 53 2 39 410 1046 2531 5570 2098 113 8 75
GUJRT1934R 0 0 12 0 0 2313 2765 3996 760 8 168 0
GUJRT1935R 90 1 0 22 0 866 3611 1010 1861 120 0 0
GUJRT1936R 0 13 11 0 6 2136 1325 500 1728 17 460 0
GUJRT1937R 0 59 1 0 0 2461 6050 267 3098 27 0 35
GUJRT1938R 0 2 0 0 128 2876 3133 1273 225 232 0 0
GUJRT1939R 0 12 29 0 0 247 1891 2866 1003 6 39 0
GUJRT1940R 111 29 35 17 2 1543 1736 2188 1085 1005 267 0
GUJRT1941R 8 88 3 6 3 430 7277 2046 335 39 0 10
GUJRT1942R 25 151 0 0 86 1246 4358 3603 1500 0 0 2
GUJRT1943R 0 0 0 3 287 1288 4687 749 1415 469 10 0
GUJRT1944R 22 0 65 15 10 1196 6327 5002 537 198 0 0
GUJRT1945R 76 0 0 5 17 1656 5025 2338 3632 6 0 0
GUJRT1946R 0 30 0 4 20 2475 2722 4342 1253 12 427 55
GUJRT1947R 12 0 0 612 0 45 2782 2647 2727 83 60 0
GUJRT1948R 155 0 0 0 1 619 1753 953 549 141 349 0
GUJRT1949R 0 5 0 0 8 277 3036 2211 2283 168 4 0
GUJRT1950R 0 0 0 0 0 90 7174 678 3141 11 0 0
GUJRT1951R 0 0 8 0 1 527 2426 1731 55 85 55 0
GUJRT1952R 0 0 0 0 0 1611 5145 1443 93 8 0 0
GUJRT1953R 151 0 0 1 0 1316 2203 5459 1115 3 0 0
GUJRT1954R 0 27 50 0 0 1498 4092 2233 5800 265 8 25
GUJRT1955R 0 0 3 8 1 1005 755 3968 3052 479 0 0
GUJRT1956R 0 4 0 2 362 1115 6467 3396 1465 1181 8 3
GUJRT1957R 27 0 5 1 27 1636 2597 1850 90 37 78 3
GUJRT1958R 10 0 6 17 0 1171 3267 2812 3767 614 35 0
GUJRT1959R 0 0 0 40 5 1080 6187 2521 3832 1280 39 0
GUJRT1960R 12 0 0 0 50 1855 2036 1861 821 81 0 6
GUJRT1961R 0 25 0 0 10 1134 3357 1878 3340 133 0 0
GUJRT1962R 0 0 25 17 30 460 2481 1398 2056 0 49 29
GUJRT1963R 17 0 10 18 13 651 3100 4225 2370 188 329 8
GUJRT1964R 0 0 0 0 20 1078 4353 3353 1300 0 4 0
GUJRT1965R 96 0 2 2 5 50 4307 1698 226 0 20 0
GUJRT1966R 13 0 0 1 12 1155 3242 690 1776 2 2 0
GUJRT1967R 0 0 549 1 0 1666 4125 2013 1121 32 0 211
GUJRT1968R 0 8 8 0 0 325 2301 2478 407 106 3 0
GUJRT1969R 0 6 0 0 0 863 2661 1291 1443 0 50 35
GUJRT1970R 1 8 1 4 50 2418 2180 4037 3112 161 37 0
GUJRT1971R 0 0 0 2 74 1675 2593 2000 1338 60 0 0
GUJRT1972R 0 32 0 0 10 773 1645 1773 150 3 0 0
GUJRT1973R 27 8 0 0 20 1189 2710 3503 3475 74 0 5
GUJRT1974R 0 0 0 0 522 256 1323 833 567 205 0 232
GUJRT1975R 0 1 1 0 0 2218 1913 4007 3075 796 0 0
GUJRT1976R 32 0 0 0 0 2538 4045 3980 1156 0 705 0
GUJRT1977R 88 3 0 20 225 2326 5322 1706 1303 0 51 0
GUJRT1978R 0 13 0 27 0 2075 2166 3160 415 133 377 111
GUJRT1979R 0 96 0 0 18 1106 1403 3887 507 118 1185 0
GUJRT1980R 0 5 0 0 0 2712 2203 2638 217 0 40 187
GUJRT1981R 11 0 8 1 27 934 3783 3558 1258 382 277 0
GUJRT1982R 12 0 0 30 723 322 3063 2195 222 35 933 113
GUJRT1983R 6 0 0 128 13 1396 4363 3643 1700 715 0 0
GUJRT1984R 0 0 0 0 0 845 4176 4302 995 46 0 0
GUJRT1985R 0 0 0 27 6 71 2677 1768 158 1253 0 6
GUJRT1986R 0 0 11 0 32 1918 1308 1371 25 4 20 0
GUJRT1987R 0 13 0 0 5 733 1218 1706 61 20 153 131
GUJRT1988R 0 0 0 48 0 644 6094 2118 2106 50 0 0
GUJRT1989R 17 0 0 0 0 1054 3332 2990 515 5 0 0
GUJRT1990R 0 49 0 0 251 835 1913 5082 1793 173 68 32
GUJRT1991R 0 0 0 0 0 783 4626 1856 429 0 8 0
GUJRT1992R 8 0 0 0 20 1591 2326 2901 2331 141 27 0
GUJRT1993R 0 73 3 0 0 981 5537 615 965 320 35 0
GUJRT1994R 160 1 0 3 3 2745 4402 3162 3308 5 6 0
GUJRT1995R 111 0 11 5 0 45 4290 1201 641 271 6 12
GUJRT1996R 55 0 0 0 0 1135 3941 2323 1160 268 12 0
GUJRT1997R 75 0 4 135 113 5682 2043 4165 1013 167 50 35
GUJRT1998R 0 0 0 0 0 1178 3241 1881 3822 1075 76 0
GUJRT1999R 0 32 0 0 217 1670 2173 442 342 806 0 0
GUJRT2000R 0 0 0 0 567 609 3065 1175 98 3 0 32
GUJRT2001R 0 0 0 15 247 2466 2822 2158 46 464 0 0
GUJRT2002R 0 0 5 0 0 2185 410 2413 960 4 20 6
GUJRT2003R 6 669 0 0 0 2170 4932 2826 1120 8 0 0
GUJRT2004R 0 0 0 0 131 1763 3192 4032 412 182 0 0
GUJRT2005R 0 0 0 0 7 3064 3986 2209 3626 36 0 0
GUJRT2006R 0 0 8 0 0 1328 5255 4080 1073 59 7 0
GUJRT2007R 6 36 2 0 7 853 4487 3604 2179 0 43 0
GUJRT2008R 0 9 0 26 0 883 3017 3458 2024 8 4 22
GUJRT2009R 0 0 0 0 0 170 3891 1152 520 260 56 0
GUJRT2010R 1 0 0 0 0 642 3414 3306 2055 79 283 2
GUJRT2011R 0 14 0 0 0 152 2814 4005 1464 20 0 0
