SHWBL1871R 0 69 699 724 1391 3621 6237 4145 4383 683 49 0
SHWBL1872R 168 96 125 1120 1731 5537 4875 4897 3941 2026 2 0
SHWBL1873R 29 16 203 1251 604 5630 3787 3332 2818 50 0 24
SHWBL1874R 207 215 232 1060 1986 5239 5002 3547 8825 2887 0 3
SHWBL1875R 222 45 246 813 2103 5449 4602 5615 2036 51 0 18
SHWBL1876R 37 0 25 627 1928 6890 4815 3701 3196 1595 1 29
SHWBL1877R 377 128 235 973 2828 2957 5457 1838 6419 382 0 68
SHWBL1878R 128 111 187 951 2161 6815 7412 4892 6372 322 143 0
SHWBL1879R 17 143 0 182 3581 6725 7285 5940 5047 610 0 15
SHWBL1880R 138 485 789 999 2131 7490 4970 5106 1643 1813 13 162
SHWBL1881R 0 17 780 305 2541 4471 2970 3696 7114 1356 100 2
SHWBL1882R 25 192 450 470 1638 5854 3337 7320 4170 3161 74 0
SHWBL1883R 223 32 22 745 1953 6045 4230 6164 4301 111 0 126
SHWBL1884R 27 141 273 846 3016 5267 3988 5280 1310 1966 0 6
SHWBL1885R 118 2 484 685 1671 5297 7965 4056 5265 714 1 151
SHWBL1886R 6 98 308 283 1965 4117 6012 5510 6949 793 48 5
SHWBL1887R 430 6 594 715 4612 7437 3282 4820 3668 828 0 0
SHWBL1888R 103 70 472 1209 1376 4023 6287 4681 2730 282 150 3
SHWBL1889R 745 379 20 297 1161 5895 7675 4328 4622 465 158 0
SHWBL1890R 49 2 17 1081 1590 7637 7765 7020 4962 3113 2 0
SHWBL1891R 123 350 720 427 3030 2575 5215 2418 1838 347 16 0
SHWBL1892R 20 181 223 1189 4692 4117 9549 6825 2703 316 83 48
SHWBL1893R 113 399 385 1486 1508 4615 7089 4527 5569 1259 51 0
SHWBL1894R 0 153 50 1296 1603 4727 4532 5919 6010 2475 70 41
SHWBL1895R 18 25 88 1060 2837 2521 8414 5505 2706 230 79 0
SHWBL1896R 75 4 12 630 2691 2351 5457 1810 4425 210 17 20
SHWBL1897R 61 46 557 337 2196 3318 5047 4452 4771 1865 60 3
SHWBL1898R 96 430 30 681 1883 5237 4897 3131 7267 527 55 20
SHWBL1899R 330 83 296 637 2078 6225 7329 5727 5096 417 6 15
SHWBL1900R 125 182 226 462 2577 4902 6210 2603 3906 156 0 12
SHWBL1901R 283 155 173 330 1833 4291 5445 5850 2231 447 177 46
SHWBL1902R 2 0 770 845 2378 4992 6312 4917 8965 1028 18 0
SHWBL1903R 49 116 165 81 1596 5365 3122 5972 4001 1356 0 0
SHWBL1904R 37 357 5 1103 3173 2751 4766 4903 2345 1780 78 2
SHWBL1905R 120 318 537 880 2541 5185 5470 10129 3671 1281 0 73
SHWBL1906R 101 559 236 40 1963 4460 6849 8222 2081 1460 81 4
SHWBL1907R 8 221 671 1176 1581 3870 8385 3523 5517 187 10 32
SHWBL1908R 126 315 146 153 2948 3787 3781 2443 4292 312 0 0
SHWBL1909R 27 151 0 1351 1630 8939 4142 5155 2822 1758 0 8
SHWBL1910R 6 151 680 350 2066 7262 8022 5092 3920 1621 100 0
SHWBL1911R 192 18 404 1396 2468 5875 7284 3922 4918 2673 54 0
SHWBL1912R 17 106 865 1230 1831 3831 6740 4893 3072 1296 1310 3
SHWBL1913R 1 313 417 187 2273 7705 5445 3878 4472 1528 83 485
SHWBL1914R 11 575 106 1666 1756 3148 3942 7260 2807 205 156 6
SHWBL1915R 18 500 624 397 2783 3152 4715 5702 2617 1065 167 13
SHWBL1916R 12 167 11 1773 2431 6105 8632 5081 5844 2206 37 2
SHWBL1917R 0 146 146 161 1943 6100 6120 3615 5215 3831 6 0
SHWBL1918R 8 13 207 1321 2787 7102 6905 7522 2917 375 17 3
SHWBL1919R 215 98 55 645 1431 5544 6282 3195 4338 1143 41 0
SHWBL1920R 0 190 402 367 1488 5380 4560 6000 8162 1278 0 0
SHWBL1921R 329 25 653 1810 4046 4793 9500 4785 3661 884 39 15
SHWBL1922R 238 18 65 487 1503 7107 6165 5185 5295 464 1 70
SHWBL1923R 0 300 50 1125 2977 4742 7162 2221 5642 1024 0 0
SHWBL1924R 3 37 56 1161 2463 6875 7767 5147 3966 900 945 20
SHWBL1925R 6 27 123 1958 1983 5202 4580 6084 5865 973 237 0
SHWBL1926R 100 10 745 292 2065 4506 9020 3842 3092 532 4 93
SHWBL1927R 162 286 594 773 3032 5880 4917 3911 5815 753 172 2
SHWBL1928R 251 136 27 803 2071 4923 6050 5222 3787 3261 80 0
SHWBL1929R 469 40 425 855 2243 4718 5672 3480 3713 5532 22 101
SHWBL1930R 110 153 550 479 1533 4365 3450 4737 3688 1396 424 25
SHWBL1931R 0 78 297 700 2503 4707 7122 3951 4767 994 110 15
SHWBL1932R 11 66 96 694 2033 6459 3337 5790 3998 1141 1236 397
SHWBL1933R 196 55 6 1116 1758 5757 5985 4382 2772 1461 35 6
SHWBL1934R 200 668 4 625 2130 4605 5855 5229 4302 1641 90 95
SHWBL1935R 106 262 88 195 2430 6280 3896 7894 4797 180 24 20
SHWBL1936R 17 121 407 806 2668 5140 5975 4607 5332 1195 4 81
SHWBL1937R 0 582 3 390 2535 2852 4536 6074 3965 3076 197 16
SHWBL1938R 15 95 70 509 4608 8615 6770 5430 4620 825 20 0
SHWBL1939R 0 182 69 73 2281 5442 6367 4605 4557 1175 27 0
SHWBL1940R 2 449 1135 327 2298 4452 6325 3987 3723 43 85 34
SHWBL1941R 41 59 105 808 3678 4068 3926 5425 4327 1661 172 6
SHWBL1942R 55 208 617 1653 2250 5184 3486 3333 4918 485 3 0
SHWBL1943R 218 342 135 1733 1586 7270 3807 5087 5409 337 8 2
SHWBL1944R 233 116 470 1225 2171 5072 4336 3625 5767 686 30 0
SHWBL1945R 196 282 75 1330 2608 3853 5098 6347 3996 2383 0 4
SHWBL1946R 0 145 247 1491 2038 4337 6285 3723 4182 2708 111 0
SHWBL1947R 12 5 500 422 1303 2612 6340 3703 4542 1423 55 8
SHWBL1948R 8 91 213 1643 2441 4741 8052 4206 3012 1763 640 0
SHWBL1949R 40 230 60 2353 2610 4971 5607 5187 3353 1966 0 12
SHWBL1950R 6 202 243 349 2161 9234 5572 6945 4315 990 4 6
SHWBL1951R 13 11 227 485 1891 5289 6415 3795 2640 853 258 0
SHWBL1952R 0 162 510 1596 4321 4805 5857 5292 5644 1206 196 1
SHWBL1953R 212 30 470 534 2066 4028 6757 2406 4463 835 5 6
SHWBL1954R 96 126 30 316 2702 7280 7870 3033 2230 532 0 0
SHWBL1955R 37 25 312 462 2181 5217 9760 5804 2600 420 37 20
SHWBL1956R 91 12 360 938 4163 7052 4426 4327 3108 2556 262 41
SHWBL1957R 993 105 175 69 736 3963 5607 5430 1240 460 2 8
SHWBL1958R 133 120 188 1030 1905 5567 4260 9059 3495 1271 6 61
SHWBL1959R 963 18 629 860 1351 4060 4885 2621 2872 3452 0 0
SHWBL1960R 0 45 460 43 2543 2571 5967 3172 6857 875 0 0
SHWBL1961R 69 392 332 302 2173 3988 4670 5435 2645 1341 16 17
SHWBL1962R 223 148 98 658 2216 5192 4616 5472 2745 734 0 6
SHWBL1963R 20 1 377 855 3276 4068 6044 7289 2993 1173 146 22
SHWBL1964R 0 27 113 989 1606 5242 9505 4568 5507 1080 17 0
SHWBL1965R 0 158 444 472 1926 4567 6982 7432 2561 228 395 0
SHWBL1966R 395 35 4 310 2011 3177 7372 6885 3027 539 113 40
SHWBL1967R 15 0 1129 550 1948 5542 6267 2376 3651 1536 12 0
SHWBL1968R 103 27 196 212 1348 4651 6055 4477 3583 3837 12 5
SHWBL1969R 65 32 405 605 2905 5042 5512 4331 4118 494 247 0
SHWBL1970R 148 83 27 1361 1165 4987 6575 3765 5267 484 32 0
SHWBL1971R 103 30 282 1703 1706 6914 5207 4190 2992 3638 278 0
SHWBL1972R 32 198 156 605 1911 3687 5344 2445 4298 585 95 0
SHWBL1973R 103 133 101 800 2218 5592 3218 4292 4812 2807 253 25
SHWBL1974R 208 0 430 1671 2311 3640 8094 6605 4477 1863 12 50
SHWBL1975R 25 56 50 549 2071 6507 7434 2093 4921 1241 0 8
SHWBL1976R 50 216 25 1048 1835 4977 5192 5662 2066 1099 30 0
SHWBL1977R 0 3 93 1861 2173 3560 4457 5830 2948 2316 362 79
SHWBL1978R 45 56 138 661 2165 3061 5845 2792 3312 470 158 20
SHWBL1979R 65 141 12 795 1175 2273 6697 3657 3517 3627 165 653
SHWBL1980R 27 217 247 599 2128 3801 7285 6464 2622 1091 1 30
SHWBL1981R 290 108 241 1868 2215 3246 7910 3840 3383 140 27 266
SHWBL1982R 0 81 515 1081 1395 3740 7417 2133 3072 514 228 13
SHWBL1983R 128 37 167 424 2233 4676 7515 3153 5165 939 0 216
SHWBL1984R 340 128 96 1134 3467 5500 8315 3130 6215 1286 34 44
SHWBL1985R 8 156 143 282 2796 4606 9040 2936 4102 1915 0 202
SHWBL1986R 5 50 30 771 2642 4522 5597 4467 4957 2153 162 101
SHWBL1987R 22 213 464 700 1776 5244 7660 9145 4596 1506 61 29
SHWBL1988R 37 430 337 855 1653 2982 7360 9170 4961 385 138 22
SHWBL1989R 91 206 153 106 3137 4922 6594 3097 7209 736 220 128
SHWBL1990R 3 427 597 860 3103 4576 5512 4785 4068 1158 0 0
SHWBL1991R 192 73 151 382 1736 5944 5420 4456 7947 532 0 250
SHWBL1992R 40 172 32 517 1736 2536 6352 3767 2642 1064 22 83
SHWBL1993R 177 217 180 1441 2218 3951 6540 4755 3640 1751 202 25
SHWBL1994R 248 218 307 940 1898 3545 3211 4070 2752 1150 5 17
SHWBL1995R 60 213 151 439 2191 6715 7900 5192 7185 866 547 91
SHWBL1996R 236 111 187 494 3663 2712 8229 5404 3657 1620 1 1
SHWBL1997R 98 233 317 913 1386 6195 4733 3952 4675 246 85 297
SHWBL1998R 35 115 715 995 1705 5650 7627 7267 5645 2011 75 0
SHWBL1999R 0 0 40 984 3698 4142 7124 7790 3367 2238 17 17
SHWBL2000R 43 193 237 1188 2995 6112 6239 4577 4338 545 389 0
SHWBL2001R 12 55 187 955 2933 4952 4073 4068 4640 3178 123 74
SHWBL2002R 161 6 419 1880 1241 3587 8647 4340 3325 710 43 29
SHWBL2003R 88 661 447 1426 1865 5914 5205 3462 3516 2223 55 131
SHWBL2004R 93 108 208 1346 2285 4578 7142 2877 3996 2206 60 0
SHWBL2005R 135 133 495 1100 1982 3684 5860 5431 2294 2224 39 0
SHWBL2006R 3 60 122 648 2487 3893 5506 2929 4606 1055 107 104
SHWBL2007R 4 421 172 802 1652 4335 5693 4813 4397 693 52 6
SHWBL2008R 215 52 402 923 1169 5905 6520 7114 3008 691 43 20
SHWBL2009R 9 10 204 1048 2490 3497 4655 5579 1876 2144 11 8
SHWBL2010R 9 33 169 1148 2878 5780 6777 5728 4411 730 147 8
SHWBL2011R 29 87 218 855 1835 4469 5859 4445 3876 331 107 12
