MARAT1871R 96 0 0 136 126 730 711 230 763 0 44 0
MARAT1872R 0 0 0 472 0 1810 3446 2328 3233 449 0 191
MARAT1873R 86 46 0 324 617 1064 1026 2698 3092 0 115 0
MARAT1874R 0 0 0 0 86 1059 4033 557 2283 111 0 0
MARAT1875R 0 0 0 27 283 1856 2001 2206 4062 550 0 260
MARAT1876R 22 0 0 0 48 1125 1506 1525 632 71 0 0
MARAT1877R 158 10 0 66 93 1065 650 935 1816 789 186 302
MARAT1878R 0 0 118 230 40 935 2503 3347 2086 1050 8 0
MARAT1879R 0 13 0 0 499 1820 1995 3036 826 764 60 0
MARAT1880R 0 0 49 2 191 1738 1433 564 3331 873 394 0
MARAT1881R 0 4 79 78 307 1576 1218 1458 1761 609 530 10
MARAT1882R 40 0 0 12 81 2892 2458 914 2797 177 419 8
MARAT1883R 0 0 41 0 96 2820 1031 3582 3221 844 43 0
MARAT1884R 25 0 0 101 0 725 2015 1059 2510 800 0 855
MARAT1885R 0 0 70 200 325 562 1188 926 2381 698 175 464
MARAT1886R 0 0 3 12 629 2155 2585 1988 980 2205 59 587
MARAT1887R 0 0 0 96 442 1270 2058 2768 1936 625 251 10
MARAT1888R 267 80 40 27 86 1713 1763 659 1099 392 924 60
MARAT1889R 0 0 20 126 34 1280 2788 1516 2438 1718 0 0
MARAT1890R 0 0 63 74 41 2168 2258 1411 1621 360 654 347
MARAT1891R 48 192 39 110 22 709 1556 1633 2241 266 0 0
MARAT1892R 0 0 0 60 260 2321 1696 4931 4053 1585 98 1
MARAT1893R 22 78 921 6 805 1963 1184 3457 2692 1466 400 0
MARAT1894R 1 27 66 69 55 1101 1320 1861 4877 462 44 0
MARAT1895R 20 83 6 192 81 1590 1876 1281 3667 965 167 0
MARAT1896R 0 0 1 15 51 1666 2233 1266 291 5 190 59
MARAT1897R 12 0 6 86 10 1068 1750 1318 3138 587 0 0
MARAT1898R 0 74 0 115 161 888 2568 405 2208 140 93 0
MARAT1899R 0 0 1 374 143 883 226 572 1348 0 0 0
MARAT1900R 6 0 81 70 1 1516 2288 1266 1244 65 5 0
MARAT1901R 197 32 335 617 422 2001 1828 2430 750 799 0 0
MARAT1902R 13 0 5 93 8 512 1078 835 2905 640 799 585
MARAT1903R 20 5 0 12 602 990 2617 2740 1840 1136 3 58
MARAT1904R 0 6 130 2 65 775 1199 595 3502 720 0 0
MARAT1905R 13 20 0 88 48 865 903 1245 1530 167 10 0
MARAT1906R 241 0 0 0 1 2233 2645 1675 814 216 37 126
MARAT1907R 8 55 8 678 0 920 2008 1575 345 55 0 29
MARAT1908R 0 5 135 27 20 948 1240 1670 2685 5 0 0
MARAT1909R 63 12 101 39 252 2273 2056 1740 2401 227 0 183
MARAT1910R 0 0 12 0 39 1938 1623 1875 4415 577 405 0
MARAT1911R 64 0 0 0 35 923 2441 1728 730 2 439 0
MARAT1912R 0 115 0 75 86 663 1821 1450 312 267 162 0
MARAT1913R 0 32 0 232 395 1795 2408 770 680 197 0 161
MARAT1914R 0 88 63 8 177 3161 1766 1621 2486 207 188 255
MARAT1915R 278 29 580 192 115 2166 1475 889 2923 1038 123 263
MARAT1916R 0 39 30 17 512 1540 3685 1488 3126 1065 424 0
MARAT1917R 15 532 113 81 161 1783 1391 2595 3328 1086 409 0
MARAT1918R 4 0 1 8 1276 829 658 786 920 53 103 188
MARAT1919R 121 10 2 50 111 1598 1246 943 2278 260 191 11
MARAT1920R 272 0 2 30 24 625 570 809 1170 48 0 0
MARAT1921R 20 0 0 25 0 1431 1776 688 1148 322 80 0
MARAT1922R 522 20 0 32 202 2116 1233 330 2088 465 1164 15
MARAT1923R 30 3 552 100 8 182 2837 721 2973 1 0 6
MARAT1924R 27 0 59 88 0 492 1295 1870 2043 602 81 126
MARAT1925R 0 0 0 0 303 1195 789 1783 765 387 759 0
MARAT1926R 724 0 0 17 168 820 1250 2658 1636 0 88 17
MARAT1927R 0 22 128 80 0 1823 1490 690 1755 382 1256 4
MARAT1928R 0 290 66 25 0 1600 1508 1386 2772 649 0 16
MARAT1929R 0 322 8 257 20 1693 1025 480 1683 564 0 40
MARAT1930R 0 6 22 101 50 1336 525 794 2841 597 177 2
MARAT1931R 0 0 55 55 50 1208 2712 1174 2371 2008 828 167
MARAT1932R 0 27 95 93 237 1085 2546 1668 1701 639 313 78
MARAT1933R 58 59 121 150 780 1910 1873 1798 3183 327 153 283
MARAT1934R 45 0 0 121 13 981 2401 3088 1751 162 830 0
MARAT1935R 81 0 0 128 4 2118 1793 1911 2433 926 48 15
MARAT1936R 3 292 58 95 296 1093 846 1058 1366 45 1550 30
MARAT1937R 0 131 79 424 17 788 2406 286 1626 1245 3 218
MARAT1938R 0 25 202 98 303 2286 3032 1481 2720 815 2 5
MARAT1939R 1 0 15 130 2 958 1761 1771 632 136 215 8
MARAT1940R 0 8 0 118 141 1973 1756 2131 1333 587 315 20
MARAT1941R 130 91 20 8 0 367 1045 1243 2118 155 0 0
MARAT1942R 0 155 0 93 50 2421 1718 2720 1169 50 0 904
MARAT1943R 106 3 20 2 479 1835 1253 567 3218 1833 12 0
MARAT1944R 6 100 365 0 59 891 2190 1121 1553 934 121 0
MARAT1945R 25 0 0 80 6 1211 1215 1383 1728 369 12 0
MARAT1946R 0 86 0 236 212 1711 1533 1075 1818 85 1019 168
MARAT1947R 367 202 106 182 37 779 1471 2925 2406 96 29 113
MARAT1948R 98 29 56 50 25 2056 2273 1133 1655 228 1428 0
MARAT1949R 44 6 0 15 460 1960 2095 919 3905 357 46 0
MARAT1950R 0 118 85 4 121 680 1370 1181 3063 502 0 20
MARAT1951R 5 0 25 91 171 1368 2553 1105 663 1054 25 0
MARAT1952R 0 175 0 48 390 1368 1698 951 1485 577 0 25
MARAT1953R 0 0 0 273 0 2141 2296 1355 2562 808 0 0
MARAT1954R 0 0 145 130 75 2013 3120 1065 2831 167 0 110
MARAT1955R 66 0 49 37 158 2343 2178 3588 1968 1179 20 0
MARAT1956R 11 0 0 32 964 919 2741 1670 2053 605 751 0
MARAT1957R 0 0 150 191 360 1051 2271 2827 805 790 27 0
MARAT1958R 0 0 70 207 202 685 3128 3942 895 290 592 0
MARAT1959R 30 0 4 143 185 2130 2128 1963 3006 1616 123 0
MARAT1960R 12 0 197 20 769 1214 1596 763 2326 676 210 5
MARAT1961R 0 4 118 113 785 1686 2893 1788 950 2671 148 20
MARAT1962R 8 0 86 517 534 845 1401 2293 2881 377 424 552
MARAT1963R 0 55 75 136 85 2106 1803 4276 850 930 6 0
MARAT1964R 0 0 121 76 18 1004 2116 1600 2200 197 53 0
MARAT1965R 20 8 3 123 16 1241 2535 2068 729 78 3 186
MARAT1966R 187 0 75 32 295 683 2363 854 1973 74 592 301
MARAT1967R 13 20 53 35 182 1223 2493 1150 1363 422 35 885
MARAT1968R 91 350 435 225 0 810 2278 625 2093 370 288 6
MARAT1969R 0 0 2 4 55 1298 2021 1598 2356 203 320 2
MARAT1970R 111 0 0 173 262 2173 1165 3907 1898 387 0 0
MARAT1971R 8 0 0 0 325 868 267 2013 1613 1476 0 0
MARAT1972R 0 0 0 2 56 1049 535 855 744 3 365 0
MARAT1973R 0 15 2 83 8 921 1960 3595 1396 1230 3 0
MARAT1974R 0 3 24 63 754 1116 1330 1611 1521 1680 0 0
MARAT1975R 20 78 93 0 101 1295 2241 2301 3328 1391 1 0
MARAT1976R 0 0 27 96 43 1150 2013 2066 560 55 334 0
MARAT1977R 0 71 40 27 111 1163 1386 1313 1345 685 1175 8
MARAT1978R 158 217 126 81 197 2308 1941 1200 849 715 337 27
MARAT1979R 15 138 80 22 141 1413 1933 1571 2666 316 1094 17
MARAT1980R 0 0 53 101 12 2063 1179 3098 1134 0 30 178
MARAT1981R 370 3 233 29 187 1218 1585 1538 3225 693 96 177
MARAT1982R 272 6 437 160 412 729 2493 1005 1928 345 300 0
MARAT1983R 0 0 35 0 146 1085 1946 3035 4473 1105 1 91
MARAT1984R 20 302 0 1 0 397 1190 761 1315 1264 25 4
MARAT1985R 123 0 88 88 121 1185 2115 562 1035 784 1 24
MARAT1986R 128 66 1 0 55 1381 1193 1171 1396 45 105 306
MARAT1987R 136 93 27 3 312 1518 1306 2133 405 1531 387 74
MARAT1988R 0 0 5 91 91 1881 2942 3230 4522 98 86 30
MARAT1989R 0 0 460 40 81 2061 4267 2546 1665 217 8 91
MARAT1990R 20 0 0 0 1576 2221 1276 4071 1583 2293 32 0
MARAT1991R 17 15 10 70 70 2308 2066 360 442 53 116 0
MARAT1992R 0 0 0 49 81 2093 661 1838 1565 557 349 0
MARAT1993R 0 22 78 75 115 923 2368 1223 1475 1861 90 311
MARAT1994R 73 6 0 105 218 1248 855 1413 1269 809 325 0
MARAT1995R 400 22 190 68 182 1260 1603 1606 1269 1150 5 0
MARAT1996R 1 6 3 143 29 367 2178 2013 3242 1435 27 5
MARAT1997R 93 0 73 101 96 833 1495 1226 1523 945 632 472
MARAT1998R 0 0 13 34 262 1868 2253 2937 2825 2246 402 0
MARAT1999R 0 131 0 0 342 1825 1133 1403 2752 1093 0 0
MARAT2000R 1 192 6 11 472 1921 1511 3613 649 447 50 10
MARAT2001R 30 0 5 88 4 1316 522 2781 840 1803 0 0
MARAT2002R 113 156 3 93 282 2657 719 2176 1408 517 4 0
MARAT2003R 0 18 12 17 0 450 3837 1343 495 75 499 0
MARAT2004R 55 6 0 111 615 733 1720 617 2268 537 332 0
MARAT2005R 205 13 132 59 47 792 5184 1236 2515 1170 0 0
MARAT2006R 0 0 319 14 949 1487 1370 3618 2551 640 86 0
MARAT2007R 0 0 6 108 10 1689 2731 1964 1755 0 124 0
MARAT2008R 37 0 204 98 2 1112 933 1063 2730 287 109 25
MARAT2009R 0 0 2 11 170 575 1440 1455 1770 561 707 88
MARAT2010R 169 94 89 8 32 1150 3105 2545 1846 573 417 14
MARAT2011R 0 75 7 171 110 682 2375 2073 1110 211 0 0
