Autocorrelations of series ‘mean_gujarat’, by lag

     0      1      2      3      4      5      6      7      8      9     10     11     12     13     14     15     16     17     18     19     20     21     22 
 1.000 -0.014 -0.024 -0.017 -0.042 -0.004 -0.073 -0.099 -0.058  0.007 -0.043  0.007  0.016  0.089  0.194 -0.094 -0.013  0.054 -0.051  0.002 -0.029  0.002 -0.095 
    23     24     25     26     27     28     29     30     31     32     33     34     35     36     37     38     39     40     41     42     43     44     45 
-0.059  0.012  0.007 -0.115 -0.017  0.017 -0.036  0.052 -0.078 -0.014  0.013  0.021  0.037 -0.081  0.017  0.044 -0.011 -0.038 -0.136 -0.028 -0.038  0.025 -0.148 
    46     47     48     49     50     51     52     53     54     55     56     57     58     59     60     61     62     63     64     65     66     67     68 
-0.028  0.074  0.025  0.117  0.016  0.142  0.052  0.014 -0.037 -0.208 -0.023 -0.046 -0.090 -0.039  0.001  0.098  0.090  0.153  0.065 -0.061 -0.005  0.074 -0.019 
    69     70     71     72     73     74     75     76     77     78     79     80     81     82     83     84     85     86     87     88     89     90     91 
-0.019  0.049  0.046  0.013 -0.063 -0.034  0.068  0.008  0.028  0.013 -0.062  0.055  0.090 -0.086  0.001  0.066 -0.007  0.045 -0.047 -0.043  0.040 -0.072  0.034 
    92     93     94     95     96     97     98     99    100    101    102    103    104    105    106    107    108    109    110    111    112    113    114 
-0.001 -0.126 -0.029  0.005 -0.031  0.070  0.050 -0.018  0.034  0.013 -0.020 -0.007 -0.056  0.002 -0.093 -0.089 -0.035 -0.030  0.076  0.015  0.034  0.036  0.059 
   115    116    117    118    119    120    121    122    123    124    125    126    127    128    129    130    131    132    133    134    135    136    137 
-0.017  0.034 -0.072 -0.023  0.025 -0.027 -0.025  0.017  0.027  0.015  0.031 -0.001  0.017  0.002  0.005 -0.005 -0.014  0.020 -0.003 -0.011 -0.005 -0.004 -0.003 
   138    139    140 
 0.006 -0.002  0.000 