Autocorrelations of series ‘mean_marathwada’, by lag

     0      1      2      3      4      5      6      7      8      9     10     11     12     13     14     15     16     17     18     19     20     21     22 
 1.000  0.102 -0.039 -0.070 -0.172  0.039  0.026  0.038  0.066  0.020  0.030 -0.051 -0.108 -0.104  0.023 -0.013 -0.043  0.079 -0.018  0.022  0.082 -0.007  0.040 
    23     24     25     26     27     28     29     30     31     32     33     34     35     36     37     38     39     40     41     42     43     44     45 
 0.030  0.016  0.074 -0.073 -0.012 -0.019 -0.126 -0.036 -0.001 -0.015 -0.072 -0.042 -0.009 -0.048 -0.046 -0.133 -0.041  0.022  0.105  0.028 -0.023 -0.029  0.015 
    46     47     48     49     50     51     52     53     54     55     56     57     58     59     60     61     62     63     64     65     66     67     68 
-0.047 -0.012  0.025  0.002 -0.009  0.006 -0.013 -0.019 -0.031  0.009  0.035 -0.048 -0.045 -0.022  0.070 -0.013 -0.061 -0.019  0.012  0.069  0.096  0.057 -0.066 
    69     70     71     72     73     74     75     76     77     78     79     80     81     82     83     84     85     86     87     88     89     90     91 
-0.051 -0.051 -0.029  0.143  0.104  0.048  0.044 -0.048 -0.049 -0.080  0.020  0.029  0.022 -0.019  0.018 -0.055 -0.070  0.021 -0.015  0.014  0.007 -0.016  0.031 
    92     93     94     95     96     97     98     99    100    101    102    103    104    105    106    107    108    109    110    111    112    113    114 
-0.075 -0.066 -0.056  0.070  0.150  0.066 -0.013 -0.103 -0.009  0.023 -0.072 -0.016 -0.037  0.024  0.061  0.006  0.009 -0.012  0.015 -0.020 -0.107  0.065  0.023 
   115    116    117    118    119    120    121    122    123    124    125    126    127    128    129    130    131    132    133    134    135    136    137 
 0.054  0.071 -0.034  0.004 -0.062  0.010 -0.024 -0.037  0.052  0.044 -0.021  0.015  0.008  0.004 -0.054  0.006  0.005  0.030  0.031 -0.023 -0.001 -0.023 -0.001 
   138    139    140 
 0.026 -0.020  0.006 