     0      1      2      3      4      5      6      7      8      9     10     11     12     13     14     15     16     17     18     19     20     21     22 
 1.000  0.014 -0.006  0.066  0.142  0.068  0.022 -0.089  0.035  0.028  0.039 -0.009 -0.087  0.034  0.078 -0.027 -0.001 -0.002 -0.125  0.125 -0.051  0.053 -0.170 
    23     24     25     26     27     28     29     30     31     32     33     34     35     36     37     38     39     40     41     42     43     44     45 
 0.059  0.026  0.133 -0.072  0.002  0.022  0.132 -0.067 -0.006  0.105  0.012 -0.050 -0.024 -0.015  0.012  0.014  0.040  0.050 -0.039  0.107 -0.021 -0.018  0.061 
    46     47     48     49     50     51     52     53     54     55     56     57     58     59     60     61     62     63     64     65     66     67     68 
 0.070 -0.074  0.072  0.012  0.032 -0.115  0.030  0.027 -0.103 -0.030 -0.012 -0.074 -0.022 -0.034 -0.096  0.009 -0.048 -0.046 -0.029 -0.040  0.002  0.028 -0.058 
    69     70     71     72     73     74     75     76     77     78     79     80     81     82     83     84     85     86     87     88     89     90     91 
 0.008 -0.014  0.072 -0.038  0.027 -0.045  0.029 -0.046  0.071 -0.030 -0.084 -0.017 -0.003 -0.009 -0.067  0.014  0.039  0.008  0.002  0.028 -0.028  0.026 -0.051 
    92     93     94     95     96     97     98     99    100    101    102    103    104    105    106    107    108    109    110    111    112    113    114 
-0.041 -0.114  0.045 -0.018  0.043 -0.071  0.061 -0.027 -0.061 -0.026  0.004 -0.040 -0.059 -0.023 -0.058 -0.009  0.009  0.029  0.058 -0.016 -0.002  0.076  0.024 
   115    116    117    118    119    120    121    122    123    124    125    126    127    128    129    130    131    132    133    134    135    136    137 
 0.050 -0.052  0.006  0.026  0.040 -0.026  0.029 -0.012 -0.009 -0.027 -0.025 -0.008  0.000 -0.006 -0.024 -0.046 -0.082 -0.048 -0.022 -0.026 -0.009  0.000 -0.005 
   138    139    140 
 0.013 -0.013  0.002 