     0      1      2      3      4      5      6      7      8      9     10     11     12     13     14     15     16     17     18     19     20     21     22 
 1.000 -0.092  0.035  0.054 -0.067  0.030  0.028  0.016  0.034 -0.054  0.007  0.012 -0.065  0.004  0.168 -0.096  0.014  0.070 -0.110  0.110 -0.041 -0.048  0.058 
    23     24     25     26     27     28     29     30     31     32     33     34     35     36     37     38     39     40     41     42     43     44     45 
 0.046 -0.025 -0.020 -0.128 -0.002  0.083 -0.112  0.082 -0.108 -0.084 -0.009 -0.029  0.003 -0.012  0.011 -0.008 -0.049 -0.033 -0.067  0.028 -0.125  0.051 -0.025 
    46     47     48     49     50     51     52     53     54     55     56     57     58     59     60     61     62     63     64     65     66     67     68 
-0.082  0.059 -0.087 -0.077  0.031  0.002  0.081 -0.022  0.012 -0.053 -0.057 -0.100 -0.006  0.012 -0.071  0.192 -0.042  0.044  0.119 -0.079  0.022  0.115 -0.008 
    69     70     71     72     73     74     75     76     77     78     79     80     81     82     83     84     85     86     87     88     89     90     91 
 0.023 -0.041 -0.005  0.034  0.008  0.058  0.069 -0.139  0.052 -0.015 -0.093  0.091  0.075 -0.011  0.011  0.019 -0.038  0.066 -0.050  0.010  0.051 -0.041  0.097 
    92     93     94     95     96     97     98     99    100    101    102    103    104    105    106    107    108    109    110    111    112    113    114 
-0.054 -0.097 -0.052  0.009  0.049  0.044 -0.023  0.031 -0.022  0.031  0.028  0.015  0.005  0.049 -0.029 -0.049 -0.034  0.003  0.036 -0.038 -0.062 -0.028  0.045 
   115    116    117    118    119    120    121    122    123    124    125    126    127    128    129    130    131    132    133    134    135    136    137 
-0.012 -0.005 -0.081  0.009  0.010 -0.035 -0.013  0.004  0.003  0.002  0.027 -0.008  0.001 -0.015  0.020 -0.052 -0.028  0.046  0.031 -0.025 -0.024  0.022 -0.008 
   138    139    140 
-0.003  0.002  0.000 