     0      1      2      3      4      5      6      7      8      9     10     11     12     13     14     15     16     17     18     19     20     21     22 
 1.000  0.012  0.173  0.153  0.066  0.077 -0.013  0.108  0.119  0.184  0.190  0.090  0.043  0.083  0.162 -0.038  0.115  0.116 -0.046  0.167 -0.131  0.082  0.063 
    23     24     25     26     27     28     29     30     31     32     33     34     35     36     37     38     39     40     41     42     43     44     45 
 0.006  0.065  0.029  0.041 -0.007 -0.037 -0.072 -0.055 -0.028 -0.083  0.032  0.007  0.023  0.013 -0.113  0.062 -0.154 -0.030 -0.012  0.047 -0.067  0.019 -0.030 
    46     47     48     49     50     51     52     53     54     55     56     57     58     59     60     61     62     63     64     65     66     67     68 
-0.084 -0.037 -0.054 -0.025  0.017  0.063  0.031  0.003 -0.048  0.032 -0.066 -0.095  0.035 -0.063 -0.020  0.004 -0.103  0.027 -0.062  0.077 -0.051  0.037 -0.012 
    69     70     71     72     73     74     75     76     77     78     79     80     81     82     83     84     85     86     87     88     89     90     91 
-0.015 -0.104 -0.033 -0.005 -0.103  0.017 -0.005  0.013  0.056 -0.108  0.016  0.017 -0.113  0.003 -0.045 -0.025 -0.040  0.046  0.008 -0.031  0.028 -0.060 -0.043 
    92     93     94     95     96     97     98     99    100    101    102    103    104    105    106    107    108    109    110    111    112    113    114 
-0.082  0.035 -0.090 -0.095  0.075 -0.061 -0.020 -0.030 -0.049  0.060 -0.044  0.009 -0.089 -0.009 -0.015 -0.035 -0.082 -0.007  0.032 -0.042 -0.011 -0.096 -0.049 
   115    116    117    118    119    120    121    122    123    124    125    126    127    128    129    130    131    132    133    134    135    136    137 
-0.039 -0.059 -0.045 -0.054  0.003  0.030 -0.029 -0.001 -0.009 -0.003 -0.050 -0.031  0.024 -0.032  0.026 -0.018  0.023  0.000 -0.002 -0.014 -0.033  0.002  0.000 
   138    139    140 
-0.008  0.003  0.000 