     0      1      2      3      4      5      6      7      8      9     10     11     12     13     14     15     16     17     18     19     20     21     22 
 1.000  0.066 -0.066  0.016  0.055 -0.114 -0.081  0.147 -0.088 -0.057  0.050 -0.031 -0.040  0.013  0.094 -0.024 -0.067 -0.006 -0.013  0.085  0.070 -0.107  0.021 
    23     24     25     26     27     28     29     30     31     32     33     34     35     36     37     38     39     40     41     42     43     44     45 
 0.020  0.044 -0.067  0.037 -0.036 -0.069 -0.113  0.004 -0.081  0.002 -0.052  0.014  0.101 -0.064  0.084  0.072  0.028 -0.119 -0.081  0.033 -0.145  0.069  0.053 
    46     47     48     49     50     51     52     53     54     55     56     57     58     59     60     61     62     63     64     65     66     67     68 
 0.119 -0.015  0.050  0.036  0.000  0.124  0.046 -0.028  0.022  0.020 -0.112  0.019  0.057  0.024 -0.043  0.016 -0.129 -0.106  0.025  0.063 -0.040  0.008  0.057 
    69     70     71     72     73     74     75     76     77     78     79     80     81     82     83     84     85     86     87     88     89     90     91 
-0.035 -0.050  0.047  0.060 -0.028  0.054 -0.063 -0.009 -0.014 -0.075 -0.045 -0.139 -0.062 -0.062  0.066 -0.011  0.014  0.065 -0.006 -0.079  0.008  0.067  0.014 
    92     93     94     95     96     97     98     99    100    101    102    103    104    105    106    107    108    109    110    111    112    113    114 
 0.010  0.008 -0.053 -0.011  0.053  0.047 -0.069 -0.002  0.039 -0.018 -0.066  0.083  0.009 -0.011  0.031 -0.008 -0.048  0.083  0.062 -0.003 -0.028 -0.022  0.014 
   115    116    117    118    119    120    121    122    123    124    125    126    127    128    129    130    131    132    133    134    135    136    137 
 0.004 -0.004 -0.036  0.001  0.032  0.013 -0.025  0.007  0.019 -0.010  0.005 -0.043 -0.035 -0.029  0.031 -0.045 -0.045 -0.030  0.007 -0.003  0.007  0.000 -0.007 
   138    139    140 
-0.007  0.001  0.004 