Autocorrelations of series ‘nwest’, by lag

     0      1      2      3      4      5      6      7      8      9     10     11     12     13     14     15     16     17     18     19     20     21     22 
 1.000 -0.059  0.047  0.065 -0.056 -0.065 -0.057 -0.111 -0.079 -0.020 -0.071 -0.038 -0.033  0.017  0.190 -0.087  0.099  0.151 -0.036  0.068 -0.004 -0.016 -0.069 
    23     24     25     26     27     28     29     30     31     32     33     34     35     36     37     38     39     40     41     42     43     44     45 
-0.033 -0.035 -0.014 -0.112 -0.049  0.065 -0.099  0.064 -0.074 -0.083  0.148  0.040  0.054  0.032 -0.002  0.006 -0.040 -0.049 -0.080  0.011 -0.138  0.030 -0.083 
    46     47     48     49     50     51     52     53     54     55     56     57     58     59     60     61     62     63     64     65     66     67     68 
-0.068  0.047  0.008  0.025  0.091  0.073  0.041  0.027 -0.062 -0.145 -0.055 -0.110 -0.068 -0.026 -0.087  0.145  0.052  0.083  0.095 -0.059  0.052  0.095 -0.022 
    69     70     71     72     73     74     75     76     77     78     79     80     81     82     83     84     85     86     87     88     89     90     91 
 0.029 -0.014  0.001 -0.042 -0.038 -0.034  0.040 -0.072  0.033 -0.015 -0.083  0.091  0.069 -0.028  0.045  0.078 -0.041  0.097 -0.033  0.002  0.052 -0.069  0.008 
    92     93     94     95     96     97     98     99    100    101    102    103    104    105    106    107    108    109    110    111    112    113    114 
-0.032 -0.122  0.016 -0.012 -0.008  0.059  0.045 -0.017  0.011  0.021  0.021  0.035  0.011  0.003 -0.075 -0.073 -0.010 -0.046  0.051 -0.016  0.000 -0.004  0.049 
   115    116    117    118    119    120    121    122    123    124    125    126    127    128    129    130    131    132    133    134    135    136    137 
-0.035  0.019 -0.016  0.004  0.006 -0.033 -0.018  0.011  0.006 -0.003  0.021  0.009  0.007  0.002  0.001 -0.004 -0.009  0.032 -0.002 -0.020  0.005  0.002 -0.004 
   138    139    140 
 0.006  0.001 -0.002 