     0      1      2      3      4      5      6      7      8      9     10     11     12     13     14     15     16     17     18     19     20     21     22 
 1.000 -0.117  0.045 -0.082 -0.005 -0.032  0.108 -0.036  0.069 -0.039 -0.123  0.014  0.013  0.073  0.183 -0.005  0.009  0.050 -0.144  0.103  0.058  0.030  0.079 
    23     24     25     26     27     28     29     30     31     32     33     34     35     36     37     38     39     40     41     42     43     44     45 
-0.023  0.047  0.054 -0.017 -0.080  0.153 -0.095  0.092 -0.059 -0.034  0.023 -0.012 -0.068  0.127  0.015  0.067 -0.015 -0.061 -0.105  0.119 -0.138  0.036  0.099 
    46     47     48     49     50     51     52     53     54     55     56     57     58     59     60     61     62     63     64     65     66     67     68 
 0.001  0.062 -0.017 -0.038  0.022  0.024 -0.097  0.046 -0.044 -0.037 -0.099 -0.064  0.010  0.068 -0.080  0.160 -0.119 -0.081 -0.075 -0.048  0.063  0.068 -0.028 
    69     70     71     72     73     74     75     76     77     78     79     80     81     82     83     84     85     86     87     88     89     90     91 
-0.067 -0.058 -0.048  0.077  0.026  0.003  0.037 -0.114 -0.098 -0.012 -0.067 -0.019  0.041 -0.053  0.054 -0.077 -0.025  0.072  0.019 -0.043  0.020 -0.051 -0.006 
    92     93     94     95     96     97     98     99    100    101    102    103    104    105    106    107    108    109    110    111    112    113    114 
 0.033  0.013 -0.073  0.004  0.006  0.028 -0.093  0.001 -0.041 -0.022 -0.074  0.075 -0.051  0.067 -0.021 -0.030 -0.030  0.079  0.007  0.048 -0.059 -0.020 -0.001 
   115    116    117    118    119    120    121    122    123    124    125    126    127    128    129    130    131    132    133    134    135    136    137 
-0.029  0.011 -0.020 -0.010 -0.011  0.026 -0.007  0.022  0.001 -0.007  0.031 -0.032 -0.001 -0.008  0.054 -0.068  0.017 -0.015  0.048 -0.032  0.016 -0.019  0.015 
   138    139    140 
-0.013  0.012 -0.008 