     0      1      2      3      4      5      6      7      8      9     10     11     12     13     14     15     16     17     18     19     20     21     22 
 1.000  0.070  0.002 -0.029  0.052  0.179  0.147  0.018  0.044  0.020 -0.049 -0.064  0.032 -0.091  0.099 -0.082  0.004 -0.017  0.003  0.038  0.094 -0.052  0.070 
    23     24     25     26     27     28     29     30     31     32     33     34     35     36     37     38     39     40     41     42     43     44     45 
 0.128  0.071  0.034 -0.088  0.043  0.049  0.027  0.079 -0.099 -0.037 -0.036  0.034 -0.034  0.012 -0.085 -0.128  0.046 -0.079  0.026 -0.011 -0.137 -0.038 -0.031 
    46     47     48     49     50     51     52     53     54     55     56     57     58     59     60     61     62     63     64     65     66     67     68 
-0.069  0.035  0.036 -0.061 -0.050 -0.066 -0.008  0.035 -0.029 -0.103  0.031  0.028 -0.068 -0.036 -0.002  0.070  0.056 -0.083 -0.016 -0.093  0.035  0.058  0.032 
    69     70     71     72     73     74     75     76     77     78     79     80     81     82     83     84     85     86     87     88     89     90     91 
 0.015 -0.088  0.018 -0.026  0.033 -0.008  0.013  0.001  0.028 -0.120 -0.028  0.047  0.033 -0.125 -0.001 -0.003 -0.010 -0.028 -0.051 -0.070  0.007 -0.047  0.109 
    92     93     94     95     96     97     98     99    100    101    102    103    104    105    106    107    108    109    110    111    112    113    114 
-0.012 -0.020 -0.068  0.047  0.098  0.071 -0.048 -0.045  0.007  0.043 -0.022 -0.009 -0.044  0.004 -0.068 -0.019 -0.043  0.020  0.029 -0.055 -0.107  0.019  0.023 
   115    116    117    118    119    120    121    122    123    124    125    126    127    128    129    130    131    132    133    134    135    136    137 
 0.053 -0.006 -0.073  0.008  0.028  0.025 -0.001 -0.009 -0.008  0.034  0.030 -0.021 -0.012  0.003  0.023  0.003 -0.020  0.037  0.043 -0.045 -0.029  0.004  0.013 
   138    139    140 
 0.001 -0.025 -0.021 