Autocorrelations of series ‘mean_gnbwl’, by lag

     0      1      2      3      4      5      6      7      8      9     10     11     12     13     14     15     16     17     18     19     20     21     22 
 1.000 -0.027 -0.080  0.000  0.069 -0.007  0.012  0.007 -0.166  0.083  0.056 -0.009 -0.087  0.135 -0.009 -0.006 -0.099  0.065  0.046  0.021  0.070 -0.134  0.063 
    23     24     25     26     27     28     29     30     31     32     33     34     35     36     37     38     39     40     41     42     43     44     45 
 0.042  0.047 -0.069 -0.119 -0.089  0.244  0.042 -0.040 -0.003 -0.037 -0.003  0.059 -0.058 -0.128  0.036 -0.003 -0.125 -0.028  0.013 -0.012  0.052 -0.073  0.050 
    46     47     48     49     50     51     52     53     54     55     56     57     58     59     60     61     62     63     64     65     66     67     68 
-0.030 -0.003  0.049 -0.122 -0.046  0.092  0.053 -0.037 -0.028  0.016  0.083 -0.015  0.082 -0.040  0.005  0.002  0.058 -0.014 -0.071  0.072 -0.016 -0.008 -0.013 
    69     70     71     72     73     74     75     76     77     78     79     80     81     82     83     84     85     86     87     88     89     90     91 
-0.024 -0.060  0.124 -0.017  0.035  0.019  0.033 -0.007 -0.035  0.032 -0.049  0.080 -0.029 -0.110 -0.097  0.029  0.085  0.063 -0.026  0.000  0.011  0.089 -0.004 
    92     93     94     95     96     97     98     99    100    101    102    103    104    105    106    107    108    109    110    111    112    113    114 
-0.096  0.041 -0.005 -0.013 -0.052 -0.009 -0.021 -0.013 -0.024 -0.080  0.016  0.042 -0.023 -0.095  0.001  0.038  0.058  0.060 -0.050 -0.072 -0.036  0.051  0.051 
   115    116    117    118    119    120    121    122    123    124    125    126    127    128    129    130    131    132    133    134    135    136    137 
-0.046 -0.048 -0.010  0.012  0.015 -0.059 -0.014  0.005 -0.032 -0.033 -0.048  0.083 -0.009 -0.032 -0.058 -0.008  0.059 -0.007 -0.032 -0.058 -0.006  0.047  0.020 
   138    139    140 
 0.002 -0.026  0.008 