PENIN1871R 514 106 338 427 872 1610 2106 986 1504 1012 1598 107
PENIN1872R 4 41 33 299 967 1817 2221 1631 1743 1576 1519 600
PENIN1873R 1 392 23 504 711 1499 1625 1340 1109 2542 460 210
PENIN1874R 2 68 14 225 1915 2236 2316 1123 2484 2418 782 226
PENIN1875R 55 21 146 286 607 1757 1701 1519 1232 1530 341 204
PENIN1876R 1 0 156 216 512 1395 1852 1292 697 469 331 128
PENIN1877R 38 56 277 229 960 1747 777 1360 2071 2597 874 759
PENIN1878R 60 0 60 506 846 1881 2199 3001 2295 1911 805 637
PENIN1879R 83 72 314 146 1978 1473 1980 1713 943 1639 999 197
PENIN1880R 44 56 50 426 893 1638 1612 1259 917 1832 2347 440
PENIN1881R 51 0 136 128 694 1100 848 2161 1524 646 1464 303
PENIN1882R 240 10 40 195 1114 1790 2649 1497 1553 1438 2337 317
PENIN1883R 17 106 167 269 772 1662 2029 1893 756 2715 1309 510
PENIN1884R 84 17 40 138 454 1106 1189 1761 1244 2211 1584 987
PENIN1885R 15 9 158 88 614 2096 1928 1054 1313 1992 1270 952
PENIN1886R 45 2 99 117 1473 1734 2378 1841 1382 2200 936 295
PENIN1887R 0 17 101 321 589 2332 1485 1414 1257 2482 1632 705
PENIN1888R 23 8 12 293 1178 2024 1556 1334 1204 1347 1817 447
PENIN1889R 27 6 77 444 594 2108 1990 1743 2495 2093 457 421
PENIN1890R 31 38 145 575 667 1790 1817 1256 1143 1566 1063 177
PENIN1891R 39 228 177 349 556 1433 1482 1019 783 2088 566 461
PENIN1892R 5 70 55 569 823 1621 2380 2707 1294 2463 274 181
PENIN1893R 55 137 479 347 911 1991 2007 998 1202 1949 2585 85
PENIN1894R 69 124 257 538 564 1288 1524 1887 1165 2299 855 169
PENIN1895R 4 9 31 673 587 1485 2017 1547 1610 2456 564 527
PENIN1896R 66 0 44 162 729 1996 1645 1779 1201 735 1765 648
PENIN1897R 51 275 122 294 694 1885 1975 2100 2614 1156 506 101
PENIN1898R 40 143 26 419 645 1628 1736 983 2205 1854 2205 480
PENIN1899R 26 59 28 1328 658 1365 624 836 1463 1648 211 114
PENIN1900R 79 6 12 760 487 1753 2259 1282 1670 1417 565 321
PENIN1901R 137 551 95 347 670 1775 1570 1137 1491 1379 1805 557
PENIN1902R 229 37 144 270 641 1289 2312 1473 1894 2645 1099 972
PENIN1903R 120 31 1 140 1236 1601 2540 1817 2202 1697 2215 851
PENIN1904R 197 3 51 219 1253 2035 1862 844 946 1753 102 230
PENIN1905R 27 101 185 349 841 1705 1126 1803 858 2043 542 15
PENIN1906R 374 137 106 62 356 1609 2173 2258 1127 1438 887 1129
PENIN1907R 64 13 165 763 357 1842 1917 1684 1265 989 1317 469
PENIN1908R 250 124 141 260 597 1257 2262 1310 1848 1674 241 65
PENIN1909R 628 51 86 641 1590 1515 1952 2359 1536 949 436 250
PENIN1910R 23 85 46 303 475 1829 2166 2095 1474 2556 1225 3
PENIN1911R 10 7 76 255 749 1829 1757 811 1064 1454 1228 663
PENIN1912R 24 33 48 276 552 1716 2096 1930 1530 2362 1566 103
PENIN1913R 11 45 22 178 761 1243 1927 760 1346 2286 805 601
PENIN1914R 17 10 30 264 593 1413 2189 1773 1739 1700 930 636
PENIN1915R 369 96 470 357 618 1885 2166 1353 1929 1097 2338 214
PENIN1916R 0 27 20 206 848 1804 2568 1720 1667 2467 1444 178
PENIN1917R 35 318 188 102 800 2144 1281 2090 2203 1864 1385 228
PENIN1918R 433 42 149 162 1639 1201 729 1082 1031 499 2496 467
PENIN1919R 174 27 125 237 952 1470 2094 1145 1914 1400 2231 640
PENIN1920R 628 28 40 482 481 1892 1592 1109 1444 1887 1942 22
PENIN1921R 675 3 20 627 330 1300 2162 1927 1223 2218 791 224
PENIN1922R 274 91 41 251 965 1559 2201 1184 827 1803 2566 249
PENIN1923R 536 109 285 187 434 1316 2208 1597 1733 1780 720 540
PENIN1924R 112 6 168 325 696 1834 2893 1568 2072 890 1584 217
PENIN1925R 75 25 283 402 1220 1671 1799 1874 960 1701 1591 1026
PENIN1926R 380 22 274 328 595 1414 2010 1495 1641 1217 585 95
PENIN1927R 113 128 188 273 746 1806 2129 1187 1883 724 1635 115
PENIN1928R 95 426 113 416 462 1407 1735 1705 925 2501 783 399
PENIN1929R 84 249 97 809 624 2300 1595 1067 1727 1693 1206 420
PENIN1930R 203 264 148 205 1815 1753 1166 929 1622 3515 1456 413
PENIN1931R 101 0 17 390 673 1475 1908 1994 1520 1457 1518 1321
PENIN1932R 4 265 63 324 1518 1072 1719 1783 1254 2139 1848 296
PENIN1933R 8 24 237 403 1815 1694 2110 2120 1458 2304 702 671
PENIN1934R 385 8 56 352 436 2023 1555 1181 549 2233 825 85
PENIN1935R 200 13 67 403 235 1415 1744 1811 1186 2056 559 285
PENIN1936R 24 431 335 221 1234 1801 1886 1107 1476 1299 1827 259
PENIN1937R 45 190 168 1001 543 1192 2344 1135 1154 2030 1300 138
PENIN1938R 0 283 236 343 642 1676 1778 2061 2011 789 562 198
PENIN1939R 165 21 196 947 413 1530 1549 1368 1243 2783 1830 44
PENIN1940R 6 8 169 474 1327 1729 2003 1928 1271 1890 2362 375
PENIN1941R 106 55 18 410 937 1871 1132 1255 1723 1620 1224 722
PENIN1942R 1 22 40 553 647 1998 1742 1431 1027 1408 613 856
PENIN1943R 558 104 78 531 2199 1699 1759 915 1401 3063 994 218
PENIN1944R 94 204 722 216 622 1710 2007 1150 1303 2343 1666 491
PENIN1945R 21 25 23 491 499 1293 2390 1433 1093 1290 1120 60
PENIN1946R 59 19 299 482 678 1937 1764 1896 1396 1549 2770 1533
PENIN1947R 303 118 252 542 381 1420 2112 2351 1922 1444 258 403
PENIN1948R 207 60 129 348 872 1733 1783 1640 1097 1209 1903 169
PENIN1949R 34 8 7 384 1442 1574 2413 1967 1918 1703 569 19
PENIN1950R 4 310 110 94 785 1413 2283 1513 1654 1495 951 140
PENIN1951R 47 3 207 781 894 1767 2159 1011 1432 1140 1207 45
PENIN1952R 48 211 59 261 1235 1409 1424 1295 514 1739 142 1033
PENIN1953R 94 51 30 696 344 1321 2940 1153 1426 3129 437 61
PENIN1954R 275 12 332 430 913 1535 2359 1845 1096 2344 108 587
PENIN1955R 114 25 115 621 2015 1660 1402 1652 1933 2071 887 648
PENIN1956R 92 17 15 560 1059 2044 1930 1281 1565 2889 1552 294
PENIN1957R 7 36 144 197 1171 2208 1930 1491 836 1722 1332 270
PENIN1958R 58 70 145 517 1164 1626 1757 2068 1123 1980 1313 125
PENIN1959R 24 237 8 508 934 2160 2618 1372 1608 1416 966 258
PENIN1960R 28 37 145 413 1141 1317 2209 949 2216 1180 2181 141
PENIN1961R 278 145 32 300 1363 2473 2894 2091 1570 1940 810 183
PENIN1962R 77 167 89 502 1540 920 2081 2020 1898 3064 457 609
PENIN1963R 298 39 196 550 519 1292 1935 2041 1195 2064 820 578
PENIN1964R 7 6 112 151 519 1231 2519 1874 2309 1568 1317 285
PENIN1965R 38 39 39 389 476 1353 1485 1751 1191 729 751 1064
PENIN1966R 136 23 78 247 746 1430 1976 1400 1763 1992 2339 559
PENIN1967R 200 1 308 218 644 1602 2422 1336 1052 1309 723 928
PENIN1968R 24 84 249 712 398 1561 2421 815 1698 1350 1015 341
PENIN1969R 9 40 39 317 1130 1282 2016 1511 874 2532 1400 757
PENIN1970R 57 57 101 477 1189 1609 1749 2212 1342 1836 907 49
PENIN1971R 114 110 206 625 1078 1753 1651 1727 1563 1746 362 637
PENIN1972R 17 40 2 228 1452 1435 1564 840 1545 2470 899 965
PENIN1973R 0 1 18 235 577 1505 1680 1946 1225 2118 591 534
PENIN1974R 7 98 76 345 1037 1036 2337 1397 2447 1696 425 75
PENIN1975R 20 47 295 236 743 2287 2240 2076 2015 2385 1172 169
PENIN1976R 5 1 83 528 386 902 1955 1889 811 1347 2349 189
PENIN1977R 11 65 113 492 1258 1666 1999 1591 1116 2666 2406 91
PENIN1978R 52 186 44 387 1076 1995 2257 1765 1829 1228 1733 840
PENIN1979R 8 278 61 256 821 1673 1570 1148 1967 1161 2785 283
PENIN1980R 6 8 41 445 523 1940 1900 1616 1092 1322 1423 335
PENIN1981R 119 21 243 299 759 2020 1850 1840 2244 1992 807 311
PENIN1982R 7 0 55 266 668 1654 1615 1525 1010 1384 1416 163
PENIN1983R 2 16 31 52 663 1411 2043 2477 2520 1421 659 1182
PENIN1984R 191 802 626 518 352 1505 2083 826 1310 1353 798 357
PENIN1985R 448 46 113 272 543 1831 1497 1496 1134 1467 1107 583
PENIN1986R 398 227 102 247 501 1593 1097 1741 1442 1320 1158 238
PENIN1987R 79 1 191 211 495 1618 943 1706 1118 2161 1696 915
PENIN1988R 0 38 168 682 719 1397 2411 2403 2232 597 568 314
PENIN1989R 22 0 273 253 526 1719 2811 1385 1783 1069 789 207
PENIN1990R 264 123 289 188 2170 1280 1451 1697 1191 2099 1234 152
PENIN1991R 120 41 70 413 607 2816 2008 1505 1344 2095 1670 93
PENIN1992R 34 17 0 193 751 1893 1798 1638 1542 1374 2330 372
PENIN1993R 6 39 90 210 598 1594 2066 1340 1201 2435 1508 1130
PENIN1994R 101 258 53 392 632 1761 2247 1360 814 2582 1722 215
PENIN1995R 308 33 140 337 1767 1403 2038 1575 975 1830 780 28
PENIN1996R 30 25 17 625 359 2730 1659 1988 2128 2239 832 1018
PENIN1997R 112 9 142 450 461 1499 1982 1547 2119 1589 1967 1051
PENIN1998R 47 68 29 303 658 1632 1854 2103 2340 2084 1393 678
PENIN1999R 34 151 25 386 1232 1589 1723 1097 1096 2377 912 193
PENIN2000R 115 673 37 323 662 1803 1271 2471 1326 1243 712 434
PENIN2001R 69 46 19 954 588 1389 1506 1232 1939 2255 888 375
PENIN2002R 188 396 44 211 1009 1557 737 1297 746 2296 824 188
PENIN2003R 13 138 258 345 297 1576 1872 1471 858 2203 613 275
PENIN2004R 70 20 65 452 2347 1516 1542 1038 1639 2145 865 84
PENIN2005R 85 58 80 922 708 1465 2220 1365 1939 3191 1680 472
PENIN2006R 79 2 420 334 1262 1843 1247 1368 1658 2486 1560 106
PENIN2007R 28 81 20 494 679 2641 2006 2178 2027 2313 533 596
PENIN2008R 83 375 1320 323 542 1299 1691 1966 1205 1988 1752 204
PENIN2009R 30 1 219 225 768 1074 2072 1364 1928 979 2084 495
PENIN2010R 161 7 53 415 1182 1783 2163 1885 1627 1844 2822 758
PENIN2011R 59 204 70 738 582 1788 1743 1978 1277 1591 1372 291
