NWIND1871R 28 89 0 14 292 1212 1938 1151 305 19 142 52
NWIND1872R 50 19 16 16 99 796 1861 2177 715 3 0 59
NWIND1873R 20 111 13 16 179 497 1912 1719 918 110 19 17
NWIND1874R 41 29 47 3 72 880 1892 1398 539 0 0 1
NWIND1875R 4 217 36 14 151 329 2026 968 2387 47 0 49
NWIND1876R 4 19 48 52 109 306 2227 1098 1024 81 9 0
NWIND1877R 134 205 49 64 157 384 549 159 790 526 59 349
NWIND1878R 57 83 10 99 319 785 2756 2698 1043 44 0 16
NWIND1879R 13 123 40 1 50 1212 707 2638 739 106 0 57
NWIND1880R 7 86 0 0 42 613 2114 949 1286 248 12 60
NWIND1881R 6 51 150 97 67 401 3296 1769 515 21 0 24
NWIND1882R 157 54 0 13 82 803 3078 809 946 0 8 1
NWIND1883R 210 3 66 5 334 603 1919 367 1394 153 27 4
NWIND1884R 32 34 16 1 39 959 2422 1285 2167 69 3 21
NWIND1885R 164 6 12 42 236 603 1597 2362 129 122 3 114
NWIND1886R 74 4 85 8 149 1144 2590 1291 228 246 5 15
NWIND1887R 88 3 1 9 10 732 2509 1763 407 15 64 28
NWIND1888R 128 160 32 12 12 364 1290 2089 257 54 161 0
NWIND1889R 100 137 29 25 253 827 1917 2267 158 98 0 0
NWIND1890R 12 5 51 20 25 1073 1708 1254 355 48 12 138
NWIND1891R 176 16 185 26 87 114 2123 954 828 84 0 0
NWIND1892R 120 25 2 0 129 448 2164 2222 2009 89 1 116
NWIND1893R 192 199 83 18 214 1802 2002 1172 1505 16 305 26
NWIND1894R 259 48 49 7 50 1793 3126 1048 1031 260 18 210
NWIND1895R 162 31 83 42 11 729 1529 1480 206 81 0 9
NWIND1896R 15 53 22 0 29 1148 1922 1653 102 6 221 69
NWIND1897R 41 13 17 48 39 227 1739 2166 880 126 0 5
NWIND1898R 7 305 0 1 126 643 2098 588 845 0 7 119
NWIND1899R 0 14 0 34 78 966 469 100 84 4 0 4
NWIND1900R 48 6 7 115 123 94 1329 2903 1614 7 17 97
NWIND1901R 138 88 41 10 84 146 1305 1078 92 51 0 9
NWIND1902R 13 2 11 21 78 370 1305 1248 1297 66 1 21
NWIND1903R 44 15 73 1 94 123 2486 1407 1062 60 0 9
NWIND1904R 52 48 266 2 159 290 1259 996 561 21 44 97
NWIND1905R 109 89 42 21 14 108 1741 189 642 2 0 17
NWIND1906R 8 369 111 1 10 732 1652 1272 1256 41 0 38
NWIND1907R 49 370 102 118 64 277 1416 3052 36 0 0 0
NWIND1908R 137 17 1 58 68 335 3031 2947 469 30 10 2
NWIND1909R 50 61 0 264 20 972 2415 1328 1334 11 0 186
NWIND1910R 62 13 0 26 8 1337 1330 2234 592 180 16 4
NWIND1911R 206 8 389 7 2 656 261 482 770 47 105 1
NWIND1912R 142 32 17 41 40 440 2921 1677 353 65 100 7
NWIND1913R 1 126 74 3 272 1406 1755 1103 606 4 7 95
NWIND1914R 27 63 15 83 82 1085 2262 813 1411 106 56 6
NWIND1915R 134 268 221 23 36 429 688 541 411 468 0 5
NWIND1916R 11 33 4 18 121 543 1359 2724 1226 293 5 0
NWIND1917R 32 50 27 187 725 1055 1745 2795 2574 1367 0 15
NWIND1918R 20 0 77 49 41 188 387 1036 134 0 13 4
NWIND1919R 217 16 20 53 109 253 1800 2355 525 57 112 70
NWIND1920R 129 54 37 12 448 1180 1838 684 117 1 0 1
NWIND1921R 67 3 0 4 1 168 2240 1070 1512 64 0 19
NWIND1922R 45 20 2 7 34 527 1593 736 1535 37 6 90
NWIND1923R 66 192 20 16 156 80 1867 1779 301 18 3 84
NWIND1924R 108 72 4 2 80 328 1727 1383 1581 144 8 142
NWIND1925R 19 1 0 8 121 1360 1466 506 109 24 97 0
NWIND1926R 68 12 214 43 278 112 2019 2838 2038 4 3 8
NWIND1927R 0 129 30 16 75 462 3100 1589 482 126 96 240
NWIND1928R 46 80 10 15 12 254 1873 1548 602 281 128 50
NWIND1929R 43 4 0 55 59 491 2354 1311 149 53 0 158
NWIND1930R 96 32 10 23 129 850 2268 849 411 259 2 16
NWIND1931R 14 48 38 3 104 117 1639 2882 407 428 13 5
NWIND1932R 22 18 91 18 51 215 2492 1177 494 68 0 44
NWIND1933R 5 96 59 112 469 1030 1565 2928 1429 66 34 16
NWIND1934R 39 2 143 5 26 1055 1207 2618 458 2 28 40
NWIND1935R 185 74 34 134 10 323 2459 818 933 82 20 51
NWIND1936R 4 94 69 9 23 1152 1013 911 866 14 202 56
NWIND1937R 4 299 16 53 35 845 2980 249 1155 34 1 136
NWIND1938R 108 29 3 10 78 1272 1412 860 81 91 0 3
NWIND1939R 10 243 118 6 0 350 776 1063 428 8 5 0
NWIND1940R 233 151 128 21 20 674 1141 2007 304 150 79 0
NWIND1941R 145 44 15 1 88 405 2266 1301 304 21 0 31
NWIND1942R 98 219 15 38 130 450 2494 2304 917 4 0 61
NWIND1943R 88 2 8 36 77 521 2814 600 837 84 1 0
NWIND1944R 144 115 183 119 30 567 2819 3220 312 72 2 14
NWIND1945R 241 0 16 46 126 906 2855 1459 1642 19 0 0
NWIND1946R 1 57 6 9 89 1126 1372 2453 516 68 106 115
NWIND1947R 55 37 13 189 12 51 949 2143 2118 88 9 52
NWIND1948R 249 152 93 9 14 302 1397 1366 494 102 92 24
NWIND1949R 27 89 4 5 38 295 2382 1220 916 47 6 7
NWIND1950R 67 29 66 1 34 99 3457 1078 1651 1 0 0
NWIND1951R 30 3 108 65 89 389 1121 1195 78 17 260 0
NWIND1952R 25 60 42 10 26 743 2621 1438 57 3 6 11
NWIND1953R 215 2 0 27 23 580 1511 3084 602 9 0 15
NWIND1954R 64 255 37 0 10 521 1986 1084 2206 199 5 4
NWIND1955R 78 17 40 24 61 524 562 2628 1756 755 0 5
NWIND1956R 55 10 117 8 56 495 3411 1861 587 1056 4 23
NWIND1957R 249 5 235 10 86 623 1878 1482 412 91 88 48
NWIND1958R 47 5 13 12 23 366 1905 1230 2356 229 111 77
NWIND1959R 72 35 17 35 148 502 3406 1646 1748 601 88 0
NWIND1960R 32 0 73 14 44 720 1588 1739 243 54 0 58
NWIND1961R 148 152 4 51 45 885 1913 1645 1996 139 21 18
NWIND1962R 44 27 115 26 36 157 1904 1253 1468 1 48 45
NWIND1963R 7 21 71 14 38 310 1148 2219 855 116 168 20
NWIND1964R 17 5 14 6 180 547 2358 2124 660 1 1 16
NWIND1965R 58 43 40 47 92 42 2220 1031 337 66 25 0
NWIND1966R 5 105 25 3 163 743 1415 1079 859 39 11 1
NWIND1967R 0 11 583 6 17 663 2291 1719 908 51 23 334
NWIND1968R 63 77 61 1 37 131 1767 1398 124 44 1 8
NWIND1969R 26 35 35 24 58 252 1553 1083 767 7 49 7
NWIND1970R 91 161 32 5 70 1007 1284 2623 1500 89 5 0
NWIND1971R 24 40 3 18 252 1132 1812 1560 956 51 5 0
NWIND1972R 24 54 14 32 16 578 933 1491 104 11 39 14
NWIND1973R 43 35 12 1 153 505 1817 2757 1243 67 4 56
NWIND1974R 2 5 3 6 232 273 1539 834 354 333 0 66
NWIND1975R 42 35 33 3 30 958 1670 2248 1913 554 0 4
NWIND1976R 90 84 37 22 98 1009 1930 2374 1043 9 312 0
NWIND1977R 137 15 4 86 205 1175 2742 1286 1150 26 27 23
NWIND1978R 4 119 135 34 1 1176 2320 1869 412 46 171 44
NWIND1979R 77 268 80 27 226 728 1343 2414 263 100 556 36
NWIND1980R 30 16 78 11 58 1289 2191 1022 288 49 26 167
NWIND1981R 102 38 131 2 79 482 2225 1396 633 114 499 3
NWIND1982R 134 52 198 268 509 215 1445 1605 102 79 468 62
NWIND1983R 104 32 36 418 294 842 2343 2127 797 277 0 9
NWIND1984R 4 78 14 20 4 402 1580 1952 945 8 1 3
NWIND1985R 11 1 15 98 83 185 1597 1406 223 618 0 78
NWIND1986R 16 131 37 19 197 816 1455 1003 135 46 11 18
NWIND1987R 67 50 52 14 310 408 441 1031 90 53 28 100
NWIND1988R 23 36 95 41 16 448 2869 1579 1356 61 2 34
NWIND1989R 119 4 51 3 6 700 1632 1868 364 15 18 30
NWIND1990R 2 269 38 12 193 434 1850 2664 1120 90 38 56
NWIND1991R 3 79 23 161 18 401 1702 1177 274 0 18 72
NWIND1992R 135 97 23 7 91 400 1674 2230 1512 158 63 0
NWIND1993R 28 87 62 46 86 953 2737 418 840 110 49 0
NWIND1994R 161 39 5 106 57 1120 2700 1857 1257 1 2 10
NWIND1995R 223 107 50 48 32 292 2450 1577 758 115 3 17
NWIND1996R 90 145 38 52 125 1655 1869 1640 723 170 2 1
NWIND1997R 67 14 32 198 270 1641 1326 2003 719 367 96 130
NWIND1998R 1 112 58 97 40 902 1764 1166 1279 732 31 0
NWIND1999R 93 77 5 0 465 832 1459 633 401 288 0 0
NWIND2000R 55 79 37 14 292 461 2184 708 200 10 5 6
NWIND2001R 32 6 12 91 311 1327 1961 1034 95 115 0 13
NWIND2002R 12 91 26 23 181 1044 253 1111 506 10 13 45
NWIND2003R 56 267 20 13 21 746 2493 1378 538 9 3 21
NWIND2004R 83 7 0 34 283 632 1048 2280 240 273 0 7
NWIND2005R 64 136 81 58 112 1062 1860 787 1611 8 1 0
NWIND2006R 13 2 146 7 119 685 2121 2298 731 68 7 30
NWIND2007R 9 355 144 20 69 708 1700 2022 1045 5 12 20
NWIND2008R 31 10 6 117 285 1085 1385 1646 1119 35 17 115
NWIND2009R 16 31 31 30 30 321 2173 796 411 74 32 2
NWIND2010R 14 28 1 2 11 478 2260 2268 1427 26 297 52
NWIND2011R 3 176 13 21 71 696 1575 2425 1475 7 0 3
