HARYA1871R 74 442 0 50 395 1421 1245 656 437 0 0 231
HARYA1872R 342 65 103 37 161 788 2533 2328 602 2 0 231
HARYA1873R 60 6 50 0 360 155 3093 950 1004 181 0 75
HARYA1874R 79 71 334 0 136 1074 1998 527 600 0 0 20
HARYA1875R 16 360 0 0 197 68 1363 1264 4372 76 0 6
HARYA1876R 0 8 192 60 263 422 1920 365 1008 467 0 0
HARYA1877R 392 377 231 197 278 770 377 76 387 339 110 595
HARYA1878R 180 297 60 479 414 260 1408 2717 192 2 0 126
HARYA1879R 4 80 115 0 6 637 959 1838 485 29 0 222
HARYA1880R 18 202 5 0 45 1194 2468 377 830 0 15 203
HARYA1881R 56 73 372 162 113 489 2153 1678 86 5 0 0
HARYA1882R 577 207 3 50 61 325 2053 520 695 0 0 0
HARYA1883R 495 2 226 4 251 402 1116 49 1255 15 85 22
HARYA1884R 61 1 32 2 56 1216 1191 1368 2043 176 6 0
HARYA1885R 730 16 54 43 437 1245 1308 3747 96 6 0 434
HARYA1886R 263 10 242 8 200 1046 2278 814 88 126 0 15
HARYA1887R 181 45 6 0 0 302 2445 2907 1080 32 0 88
HARYA1888R 123 212 64 54 158 270 1648 1315 1783 65 81 0
HARYA1889R 347 422 71 22 156 272 1503 1898 128 0 0 0
HARYA1890R 103 0 158 43 167 815 2572 1510 177 51 0 126
HARYA1891R 442 56 384 25 231 207 844 2271 1005 197 2 0
HARYA1892R 167 150 18 0 158 203 1406 2920 1770 2 0 223
HARYA1893R 512 415 191 34 394 735 2123 605 1988 1 30 55
HARYA1894R 706 138 150 12 96 1154 1678 1495 1670 0 197 609
HARYA1895R 594 101 55 86 35 1335 990 1331 83 0 0 24
HARYA1896R 46 205 30 0 146 469 1079 1254 85 27 32 106
HARYA1897R 46 17 37 40 106 375 1478 1511 966 37 0 5
HARYA1898R 3 635 0 3 335 617 1446 532 385 0 22 215
HARYA1899R 3 83 1 48 55 1160 653 231 93 6 0 0
HARYA1900R 158 22 27 257 86 240 1241 1773 2223 27 22 282
HARYA1901R 347 252 128 0 75 175 1318 1330 115 3 0 53
HARYA1902R 0 16 29 88 153 856 1576 925 622 103 0 0
HARYA1903R 172 1 35 2 143 74 1580 1173 899 59 0 8
HARYA1904R 83 6 484 8 267 292 966 1466 1085 12 108 217
HARYA1905R 410 266 123 32 75 167 1006 210 924 0 0 45
HARYA1906R 41 630 327 3 11 574 1260 1111 1713 0 0 35
HARYA1907R 143 424 225 372 101 205 1156 1796 0 0 0 0
HARYA1908R 295 68 0 73 242 162 2040 3548 101 12 17 4
HARYA1909R 68 138 0 716 58 1175 2228 1075 1533 32 0 300
HARYA1910R 198 85 1 25 18 654 1005 1420 1456 683 0 12
HARYA1911R 703 8 594 6 0 676 335 472 2068 93 399 0
HARYA1912R 517 113 80 111 40 232 1588 1371 1189 0 113 4
HARYA1913R 12 467 215 30 715 1156 1483 776 237 5 3 113
HARYA1914R 25 85 48 185 247 424 2293 1085 1998 197 30 2
HARYA1915R 312 587 394 70 86 444 637 649 1054 70 0 12
HARYA1916R 6 123 4 32 156 587 1395 2113 1070 645 0 0
HARYA1917R 83 71 40 407 334 665 1511 2051 3472 1008 0 88
HARYA1918R 93 1 110 105 6 285 140 1476 46 3 25 0
HARYA1919R 562 29 70 27 175 15 1641 1661 545 0 24 257
HARYA1920R 105 141 146 2 277 617 1991 315 110 6 0 2
HARYA1921R 197 6 0 32 2 161 1188 1691 1071 380 0 27
HARYA1922R 141 50 15 27 10 890 1526 770 1813 6 0 261
HARYA1923R 202 625 12 2 212 232 1743 2266 133 68 1 337
HARYA1924R 482 186 20 13 91 241 845 1660 2296 477 2 192
HARYA1925R 45 2 0 29 146 1618 2456 1129 78 54 135 2
HARYA1926R 115 74 335 113 400 202 1816 2840 495 6 34 2
HARYA1927R 0 360 241 76 162 136 1743 1443 347 246 15 355
HARYA1928R 218 253 44 68 35 435 1368 845 410 49 212 156
HARYA1929R 173 0 0 108 48 151 1336 1103 103 43 0 296
HARYA1930R 282 98 41 17 20 820 2928 800 357 37 12 25
HARYA1931R 8 197 158 6 88 111 2063 1251 969 257 0 0
HARYA1932R 39 45 293 55 61 111 1335 1066 1481 0 0 191
HARYA1933R 5 208 140 60 462 1023 1676 2817 3446 118 6 12
HARYA1934R 195 17 562 6 20 676 1606 1903 138 0 0 70
HARYA1935R 415 288 93 311 17 53 1993 1411 940 108 58 148
HARYA1936R 17 193 88 12 59 1545 1378 1308 577 3 5 308
HARYA1937R 6 813 55 195 96 482 1706 359 1428 8 3 86
HARYA1938R 447 86 12 11 70 567 766 537 98 100 0 0
HARYA1939R 12 414 237 8 1 975 680 325 405 0 0 0
HARYA1940R 292 377 116 83 6 402 1158 1183 158 2 0 0
HARYA1941R 590 63 27 0 228 1068 334 969 467 50 0 37
HARYA1942R 302 465 22 123 76 442 2658 2161 1600 8 0 130
HARYA1943R 182 20 24 108 103 307 1323 1195 1010 0 0 3
HARYA1944R 255 420 402 303 16 619 1330 989 417 266 8 5
HARYA1945R 429 0 17 88 128 395 1345 1446 3407 30 0 0
HARYA1946R 4 98 20 46 292 754 1049 1496 190 176 16 118
HARYA1947R 203 141 93 5 48 227 370 926 3077 96 0 44
HARYA1948R 450 410 243 20 81 216 2276 2363 385 45 0 3
HARYA1949R 39 379 11 16 88 116 3311 617 890 6 0 27
HARYA1950R 237 83 212 3 44 141 2150 1345 1406 0 0 0
HARYA1951R 110 5 354 170 58 205 582 1425 362 3 283 0
HARYA1952R 96 222 143 18 150 525 1031 3051 30 0 0 24
HARYA1953R 499 12 0 64 60 637 2657 1473 407 25 0 83
HARYA1954R 246 951 93 5 55 357 1428 357 1481 570 0 0
HARYA1955R 352 17 64 120 145 597 923 1560 1453 1261 0 10
HARYA1956R 168 22 301 6 37 574 2533 1766 146 1286 40 10
HARYA1957R 422 0 293 30 61 330 1841 1018 1553 311 79 202
HARYA1958R 65 8 66 35 44 146 1488 1675 3096 245 6 100
HARYA1959R 330 81 39 0 71 317 1190 1763 1115 185 260 0
HARYA1960R 106 0 302 71 45 407 2343 3786 116 430 0 106
HARYA1961R 654 392 1 40 120 291 1259 2783 435 257 40 93
HARYA1962R 206 128 85 17 12 106 1486 1179 2111 0 27 70
HARYA1963R 20 56 78 25 65 595 599 3182 1043 0 143 64
HARYA1964R 63 16 6 12 165 121 3986 1886 1270 0 5 86
HARYA1965R 54 101 96 133 172 18 1358 1328 624 106 4 0
HARYA1966R 20 225 55 8 462 1081 1058 2835 564 108 5 0
HARYA1967R 0 22 407 10 54 173 1266 3376 1020 91 111 565
HARYA1968R 170 187 181 0 29 392 3022 1190 1 55 0 35
HARYA1969R 16 101 135 25 220 145 1611 1543 1691 0 15 0
HARYA1970R 384 337 98 1 96 711 710 2115 1283 12 0 0
HARYA1971R 145 155 30 83 462 530 1546 2821 525 118 1 0
HARYA1972R 70 128 98 123 3 355 1515 2048 128 86 385 43
HARYA1973R 158 53 20 6 427 590 1145 2278 534 227 0 148
HARYA1974R 6 17 22 12 34 474 1970 883 81 78 0 118
HARYA1975R 211 29 75 6 50 507 2356 3503 1550 181 0 0
HARYA1976R 111 222 86 45 307 750 2276 3077 575 0 0 10
HARYA1977R 240 34 17 220 217 390 3247 1588 823 83 3 91
HARYA1978R 8 302 510 15 13 721 2326 1986 1266 25 20 6
HARYA1979R 297 534 177 32 275 437 1601 666 255 20 6 55
HARYA1980R 111 61 317 8 76 620 3035 653 700 175 48 272
HARYA1981R 273 156 345 0 241 1104 2200 719 327 0 490 8
HARYA1982R 177 172 681 318 609 312 1059 1738 37 32 25 111
HARYA1983R 495 51 131 965 360 349 2621 2360 893 64 0 93
HARYA1984R 13 155 12 45 3 552 1758 1891 765 0 0 3
HARYA1985R 20 1 11 63 24 507 2752 1738 329 286 0 277
HARYA1986R 60 295 128 22 392 800 734 1006 520 108 10 91
HARYA1987R 211 268 166 75 515 397 212 703 111 20 0 54
HARYA1988R 25 153 302 76 55 582 2867 2175 2231 0 3 98
HARYA1989R 337 8 158 20 4 370 678 1090 197 12 70 143
HARYA1990R 0 736 73 35 270 252 2303 1156 1785 126 168 232
HARYA1991R 0 246 44 203 141 749 517 1788 400 0 34 302
HARYA1992R 255 232 20 20 140 256 1223 1878 552 32 116 1
HARYA1993R 100 182 208 75 178 860 2987 467 1371 0 12 0
HARYA1994R 217 136 6 133 126 800 3318 2023 325 0 2 10
HARYA1995R 659 256 183 83 3 622 1443 3296 1029 4 12 13
HARYA1996R 207 457 141 12 158 1540 1258 2263 1170 135 1 1
HARYA1997R 100 27 141 435 522 969 1033 2056 306 329 121 529
HARYA1998R 8 210 231 171 178 1281 2023 1686 1573 432 153 0
HARYA1999R 316 24 8 0 227 865 1613 748 340 27 0 0
HARYA2000R 212 258 60 12 365 1281 2318 955 307 0 2 6
HARYA2001R 165 48 58 221 773 1483 1960 1810 206 55 0 35
HARYA2002R 65 250 153 70 748 445 302 1358 1205 45 0 73
HARYA2003R 256 320 68 32 141 276 3050 969 765 0 4 125
HARYA2004R 350 4 0 236 537 599 485 2516 138 554 0 11
HARYA2005R 175 351 227 75 107 843 1938 822 1848 0 14 0
HARYA2006R 54 6 286 11 332 525 1126 509 729 23 11 47
HARYA2007R 31 986 466 74 229 1089 714 1049 457 0 4 39
HARYA2008R 31 13 0 203 964 1314 1061 1423 1126 32 48 3
HARYA2009R 41 78 62 135 104 176 745 503 1642 6 17 2
HARYA2010R 48 115 6 2 27 247 1671 1657 1941 11 18 146
HARYA2011R 6 241 40 53 249 838 751 972 1324 0 0 2
