KERLA1871R 969 148 535 1651 1981 8800 9447 2508 2213 1393 2166 93
KERLA1872R 0 133 13 800 1853 7980 7417 4020 4297 970 935 379
KERLA1873R 4 780 25 1526 2478 8312 8567 1886 1283 2190 190 141
KERLA1874R 0 113 50 874 5912 10540 6912 3196 2356 2453 775 277
KERLA1875R 16 0 153 924 1160 8632 6502 3127 1186 1571 505 111
KERLA1876R 0 3 375 442 751 5965 7862 2426 1105 545 365 20
KERLA1877R 0 49 211 864 1185 8450 2643 5852 3945 5062 1023 753
KERLA1878R 4 0 163 1033 2000 9362 5477 8552 5860 3003 1246 464
KERLA1879R 40 35 435 459 5724 4712 5712 3563 1783 2727 1091 435
KERLA1880R 2 116 151 1411 2872 7190 6062 1548 1438 1206 1945 375
KERLA1881R 11 0 235 182 1503 2928 3000 5527 1936 1121 2046 65
KERLA1882R 350 2 6 347 3465 9544 11311 3311 2361 2826 1240 93
KERLA1883R 37 3 385 845 2278 6914 7765 3700 844 2707 1475 242
KERLA1884R 0 6 188 349 1526 4713 4448 4656 3146 2516 1523 192
KERLA1885R 0 34 167 365 926 10306 8440 3887 1098 3950 1105 1025
KERLA1886R 20 17 2 665 3811 5527 5879 1741 1766 2895 985 141
KERLA1887R 0 29 177 1085 921 9225 5280 1278 1503 2943 1481 457
KERLA1888R 0 63 37 954 3571 10688 4975 4632 1231 1488 2226 30
KERLA1889R 0 40 188 1125 1915 8215 3821 4097 4195 2725 985 450
KERLA1890R 16 247 582 1825 1773 6157 5118 2236 1115 1566 649 242
KERLA1891R 37 258 475 1069 2471 7365 5572 2717 861 4705 1338 659
KERLA1892R 0 81 540 2255 2946 3572 10024 4745 1445 4683 1006 63
KERLA1893R 187 349 1071 645 3273 7480 3640 2551 1565 2636 1923 22
KERLA1894R 53 156 1070 1388 1363 6010 5038 4047 1430 2306 701 98
KERLA1895R 8 0 335 2156 991 6227 5600 2707 874 3002 695 312
KERLA1896R 30 5 192 706 1916 9057 5834 5372 1101 1983 1618 530
KERLA1897R 20 527 285 1084 1403 8927 7399 6315 3027 1880 1180 172
KERLA1898R 27 250 150 931 1941 6760 5987 1070 1941 2687 1760 162
KERLA1899R 37 265 228 3101 2086 7097 2742 1209 808 3345 320 74
KERLA1900R 45 37 63 2133 1044 7622 6560 4420 1671 2183 597 330
KERLA1901R 245 364 570 1386 1466 7805 5980 2897 1768 2801 3690 445
KERLA1902R 70 8 567 799 1348 4032 10401 2762 4257 3726 1123 1460
KERLA1903R 25 190 13 766 2777 5765 8515 3577 2883 3672 1541 610
KERLA1904R 295 22 450 798 2632 10751 6315 2737 1983 3156 248 79
KERLA1905R 1 70 105 800 2493 7340 4972 2548 2006 3731 760 6
KERLA1906R 201 81 76 489 1605 3976 8585 3532 1143 2498 1561 770
KERLA1907R 121 35 455 1581 800 8139 6535 8602 2668 2686 1891 646
KERLA1908R 39 230 412 943 1323 5905 9337 3203 2053 2892 505 140
KERLA1909R 665 106 612 766 4737 6285 7777 2276 1943 1826 1453 191
KERLA1910R 3 212 191 1506 1348 6804 4496 3821 2216 4101 2617 0
KERLA1911R 55 63 200 487 1918 8950 6270 1836 462 3258 1520 901
KERLA1912R 6 135 106 1126 1993 9944 7235 5116 1473 5517 1245 207
KERLA1913R 17 172 205 725 2338 5167 6530 1961 1881 4407 918 400
KERLA1914R 0 66 156 352 1936 6169 7814 3987 2230 4120 854 1571
KERLA1915R 235 146 385 1323 1886 6737 8447 2805 4692 1651 3093 207
KERLA1916R 0 103 212 955 2346 8355 5102 3660 3180 3258 1346 138
KERLA1917R 8 622 769 422 1426 7397 3710 3505 4543 3007 2273 420
KERLA1918R 470 32 138 615 7314 5707 1525 3297 971 2300 2727 640
KERLA1919R 540 143 292 698 2867 5882 6384 4415 2846 2426 3388 614
KERLA1920R 247 40 310 2021 695 11114 8562 2241 2026 4068 2851 151
KERLA1921R 390 45 153 1828 1113 4792 5480 6539 1385 3355 1405 95
KERLA1922R 131 205 350 689 3551 7705 10715 2598 2163 2333 2782 172
KERLA1923R 91 0 890 409 811 7482 8232 8290 2652 1876 890 355
KERLA1924R 190 51 744 1303 1998 10145 12533 5839 2636 1536 1928 544
KERLA1925R 4 237 760 984 2890 6609 5699 5357 1788 2850 2461 1034
KERLA1926R 183 45 205 415 2528 6492 8017 4355 3382 2488 1228 172
KERLA1927R 240 440 634 680 3000 7052 7870 2685 3670 1175 1229 69
KERLA1928R 118 744 450 1085 730 5365 4076 5145 845 3225 1276 452
KERLA1929R 93 515 385 2126 1210 9844 7794 2453 2946 3845 1493 337
KERLA1930R 242 81 585 1006 4407 5967 3708 2435 3992 4087 1885 815
KERLA1931R 12 8 71 1045 1573 5752 6062 10235 1561 1596 1363 1140
KERLA1932R 3 103 452 870 6980 3141 5574 3975 3022 5697 2493 287
KERLA1933R 0 50 477 1516 8374 7982 6700 4253 4098 4040 1135 208
KERLA1934R 686 17 352 978 1311 8862 3287 2807 402 3345 965 56
KERLA1935R 275 70 301 1201 425 4207 6157 2742 2541 3837 1466 120
KERLA1936R 6 216 1154 549 5325 6074 6405 3023 3043 2340 2126 165
KERLA1937R 110 196 552 1698 1280 4950 9870 2728 1368 3973 1179 205
KERLA1938R 0 875 405 1761 1811 6340 6367 2892 1993 1715 637 203
KERLA1939R 90 45 207 2263 1391 6942 7087 3276 1363 3042 3166 74
KERLA1940R 3 0 1 1195 2430 5905 8949 6030 405 3101 2543 450
KERLA1941R 181 46 85 1048 4831 7349 4310 4086 2912 2356 2230 900
KERLA1942R 0 25 210 1511 2141 8815 7245 2562 820 4075 891 1465
KERLA1943R 599 161 507 1090 5202 9172 6655 1656 2455 4255 2453 192
KERLA1944R 495 372 676 632 2376 4980 5500 1908 1351 2731 2356 789
KERLA1945R 81 208 65 956 412 5574 6875 3452 1016 2423 2835 197
KERLA1946R 2 12 1286 1588 1020 9462 6792 6135 2061 2720 3131 2211
KERLA1947R 220 349 920 1468 869 6284 6315 7517 4241 1571 202 395
KERLA1948R 318 55 756 1160 2153 9612 6062 3815 1493 1763 2233 280
KERLA1949R 6 25 22 1090 4782 5414 7470 4181 3618 2091 844 3
KERLA1950R 0 587 370 664 2706 6175 8177 4072 3892 2647 2041 64
KERLA1951R 37 27 572 1721 1385 8155 4535 1521 3066 2607 2143 290
KERLA1952R 34 455 277 1268 2667 6065 3931 3860 464 3022 494 592
KERLA1953R 120 191 178 1273 635 3092 10301 2476 1049 4571 914 41
KERLA1954R 268 60 1025 1606 2371 8467 5694 3916 1998 2760 405 675
KERLA1955R 13 130 425 1274 5444 7625 3661 1955 4502 4325 2108 115
KERLA1956R 44 110 146 1941 4123 7404 3432 2703 1688 4158 1771 45
KERLA1957R 12 171 337 874 4083 8927 7877 3383 360 2690 1693 375
KERLA1958R 58 291 609 1176 3861 7815 4842 4212 574 1796 1741 61
KERLA1959R 1 153 95 1615 3953 7145 9062 3758 3520 1911 1460 318
KERLA1960R 120 86 365 1950 5932 5172 6737 3280 3488 2341 3621 186
KERLA1961R 115 409 123 899 4617 9612 9524 6372 3923 2560 778 135
KERLA1962R 335 509 265 775 5017 2772 8687 4745 3283 4176 250 625
KERLA1963R 272 347 605 898 1333 4137 6905 4936 2241 2045 941 347
KERLA1964R 12 60 819 721 969 3378 7157 3880 3975 3437 1274 128
KERLA1965R 46 27 197 955 2078 5810 4243 2993 1596 1683 1004 1543
KERLA1966R 12 116 445 925 756 5157 4627 1503 2762 4402 2627 537
KERLA1967R 312 0 242 440 2661 5892 7245 5577 1393 1928 840 412
KERLA1968R 60 362 1029 1443 940 6857 12810 3626 2798 1478 1330 252
KERLA1969R 45 22 211 1351 2253 5817 7942 2748 1990 2822 1130 829
KERLA1970R 156 128 407 1658 2556 5762 5439 5472 2221 2972 572 24
KERLA1971R 474 256 257 1036 3457 8752 6325 3792 3515 1941 365 412
KERLA1972R 25 86 32 919 5067 4166 7000 2797 1771 3780 1533 1140
KERLA1973R 0 0 79 1373 1226 6484 5297 4757 668 3007 868 310
KERLA1974R 15 121 187 1553 3147 2898 9887 5227 4092 1578 715 34
KERLA1975R 16 320 886 1626 1730 9092 5093 6445 4585 3985 1978 180
KERLA1976R 1 0 233 1731 1100 2225 6080 3236 1065 2526 3278 241
KERLA1977R 11 91 422 1110 3722 6182 7317 2388 2008 4326 3797 158
KERLA1978R 68 384 379 753 4206 7670 6797 4662 1346 1488 3755 183
KERLA1979R 18 440 85 671 1368 6725 5977 3341 2641 2078 3277 367
KERLA1980R 1 93 273 1161 1233 7592 7010 3702 1448 3062 1800 542
KERLA1981R 75 167 417 1104 2256 11236 4500 5147 4380 2792 1580 186
KERLA1982R 0 1 347 625 2111 7145 5027 4547 774 1800 1393 121
KERLA1983R 3 0 0 310 691 3316 5975 5952 5295 1259 1615 741
KERLA1984R 407 725 1126 2213 1163 7135 5325 2308 1451 2506 755 212
KERLA1985R 550 166 385 1000 3075 8372 3931 3013 1160 2343 970 327
KERLA1986R 24 241 327 954 1106 6107 3167 3636 2376 1456 2003 70
KERLA1987R 10 8 98 868 1185 6289 2381 4300 1595 2956 2091 1281
KERLA1988R 0 193 455 1678 1571 6137 5624 4116 4631 823 720 308
KERLA1989R 88 1 192 1301 1665 7472 4515 2920 2726 3378 823 65
KERLA1990R 111 22 240 287 5200 4947 6559 2526 1139 3557 1468 1
KERLA1991R 116 50 316 985 1145 10799 7102 4111 457 2772 943 27
KERLA1992R 22 10 0 440 2253 8087 6330 4388 2718 3035 3198 50
KERLA1993R 0 167 91 691 1488 7457 7207 2131 744 4182 2501 735
KERLA1994R 203 415 162 1455 1483 8004 8095 4611 1716 4007 1383 53
KERLA1995R 96 86 710 1190 2963 5372 5569 3958 2336 1655 2013 3
KERLA1996R 63 88 116 1201 683 6275 6255 3301 3057 2907 1240 590
KERLA1997R 2 5 397 535 1358 6200 8560 5051 3221 2553 3202 705
KERLA1998R 58 20 133 577 1945 7472 4732 3312 4806 4183 1471 954
KERLA1999R 48 307 262 1495 4307 6134 5202 2313 1511 5624 1113 70
KERLA2000R 83 774 255 925 955 5944 2610 5785 1863 2026 953 534
KERLA2001R 215 311 55 2070 2325 6015 4688 2992 3170 2865 1336 108
KERLA2002R 48 78 297 944 3187 5254 2628 4097 943 5282 2233 6
KERLA2003R 12 1188 560 1356 1174 6119 5639 3352 696 4307 207 187
KERLA2004R 35 80 362 1000 6597 5777 3732 2767 1625 3711 1123 50
KERLA2005R 178 26 184 2025 1431 6155 6492 1876 2836 2631 2430 610
KERLA2006R 77 23 486 586 4317 5956 5562 3861 4409 4559 2146 12
KERLA2007R 3 94 38 1405 2415 7021 8956 4186 4544 4206 1451 77
KERLA2008R 0 230 2406 1410 867 4127 5906 2835 3265 4183 986 250
KERLA2009R 32 12 613 620 1749 4401 7892 2288 2848 2015 2584 405
KERLA2010R 188 9 304 1284 1736 6785 5373 3043 2387 4251 3197 424
KERLA2011R 274 478 301 1680 1249 8373 4782 4471 3623 2210 1696 510
