COKNT1871R;855;202;0;369;1915;8155;10060;3093;2957;1573;661;0;2486.6666666667
COKNT1872R;0;0;0;75;1328;11014;15215;6972;1863;829;121;312;3144.0833333333
COKNT1873R;0;59;0;100;1178;9414;5982;3466;2321;1321;0;88;1994.0833333333
COKNT1874R;0;2;0;405;4036;9257;14454;4707;5637;1888;377;50;3401.0833333333
COKNT1875R;0;0;193;285;420;8630;9697;5722;2260;407;35;108;2313.0833333333
COKNT1876R;0;0;39;307;200;8924;11210;3621;1700;176;11;0;2182.3333333333
COKNT1877R;0;0;0;64;201;8019;4400;6985;3628;3635;263;180;2281.25
COKNT1878R;0;0;5;555;1090;11315;8807;13603;8919;2188;1300;50;3986
COKNT1879R;0;0;5;40;6227;7725;7570;8615;2135;2907;675;37;2994.6666666667
COKNT1880R;0;0;0;143;781;9087;9455;2341;2827;1353;678;251;2243
COKNT1881R;0;0;0;2;954;5360;5147;7420;2875;585;2063;0;2033.8333333333
COKNT1882R;148;0;0;65;1850;9320;12565;4660;3030;1194;311;0;2761.9166666667
COKNT1883R;0;0;2;590;730;9959;12069;5165;3466;1960;813;46;2900
COKNT1884R;0;0;0;55;53;5927;6322;7920;3522;1179;317;185;2123.3333333333
COKNT1885R;0;0;0;0;197;9415;11206;4640;1778;2840;465;79;2551.6666666667
COKNT1886R;0;0;0;0;1841;9502;13100;3542;1665;2363;527;0;2711.6666666667
COKNT1887R;0;0;2;143;694;13649;8242;4882;3671;3137;833;3;2938
COKNT1888R;118;0;0;185;1029;13765;8022;6170;738;718;913;6;2638.6666666667
COKNT1889R;101;0;0;0;1249;16024;11800;5260;5747;2872;34;354;3620.0833333333
COKNT1890R;0;0;25;450;1436;9117;11146;4531;1341;765;447;0;2438.1666666667
COKNT1891R;0;12;27;63;46;6500;8025;3387;2350;1748;298;0;1871.3333333333
COKNT1892R;0;0;0;679;4097;5209;11560;10471;3213;3660;699;0;3299
COKNT1893R;0;0;0;450;2767;7847;7920;4157;3083;2148;751;0;2426.9166666667
COKNT1894R;0;35;103;384;39;6630;8125;7485;2932;2228;197;0;2346.5
COKNT1895R;0;0;0;45;203;7540;13963;4965;993;1560;265;0;2461.1666666667
COKNT1896R;0;0;0;135;1771;10184;6027;10094;891;753;277;197;2527.4166666667
COKNT1897R;0;11;0;156;3341;11731;3160;5630;4133;2236;0;0;2533.1666666667
COKNT1898R;0;55;0;86;705;10007;10030;4217;5364;2026;871;24;2782.0833333333
COKNT1899R;0;0;0;2060;1190;8600;2206;3713;1496;1048;12;2;1693.9166666667
COKNT1900R;0;0;0;30;50;12169;13294;5707;3746;302;49;83;2952.5
COKNT1901R;8;17;20;577;540;13956;7820;5505;758;710;1176;153;2603.3333333333
COKNT1902R;0;0;40;22;509;8745;15389;4146;6802;1435;509;547;3178.6666666667
COKNT1903R;0;0;0;0;2338;7290;13808;6605;2687;1346;525;8;2883.9166666667
COKNT1904R;103;0;0;297;668;13113;10052;3485;2535;1436;0;0;2640.75
COKNT1905R;0;0;0;0;1189;11265;4932;6612;1433;2795;384;0;2384.1666666667
COKNT1906R;16;0;0;0;367;7242;11233;4787;2288;715;213;277;2261.5
COKNT1907R;32;0;0;930;86;8699;9707;6332;1698;858;510;59;2409.25
COKNT1908R;0;0;0;329;125;9444;16524;7735;1611;452;3;0;3018.5833333333
COKNT1909R;22;0;0;0;3947;10685;11204;2915;3041;221;354;0;2699.0833333333
COKNT1910R;0;0;103;4;98;12818;5257;4965;3371;795;1229;0;2386.6666666667
COKNT1911R;0;0;0;2;582;7480;7130;4932;1236;923;736;191;1934.3333333333
COKNT1912R;0;0;0;12;434;8592;11615;7335;1064;2486;844;0;2698.5
COKNT1913R;0;0;0;90;870;8024;8830;3017;1876;3587;3;101;2199.8333333333
COKNT1914R;0;0;0;10;277;8654;14001;9319;3407;1548;585;469;3189.1666666667
COKNT1915R;0;22;0;138;517;9017;7039;3342;3731;1468;1054;17;2195.4166666667
COKNT1916R;0;0;0;44;923;11059;7585;4342;6774;1671;1710;0;2842.3333333333
COKNT1917R;0;425;5;5;479;12539;8312;6005;4405;3011;467;0;2971.0833333333
COKNT1918R;2;0;0;30;7932;6082;4635;4045;1251;470;1286;96;2152.4166666667
COKNT1919R;0;0;0;0;1074;5957;11190;5327;2521;2141;1280;222;2476
COKNT1920R;0;0;3;766;95;9715;7217;4551;1485;1233;554;0;2134.9166666667
COKNT1921R;106;0;0;187;312;7207;8490;8164;2792;1373;268;0;2408.25
COKNT1922R;0;0;0;574;1323;8700;12360;4340;2602;781;670;0;2612.5
COKNT1923R;101;0;81;17;387;6802;14211;8070;3412;522;11;22;2803
COKNT1924R;0;0;202;180;540;10850;12013;4737;2285;465;253;0;2627.0833333333
COKNT1925R;0;0;173;32;1451;12046;9292;6872;485;2110;342;85;2740.6666666667
COKNT1926R;121;0;0;81;75;8202;7167;6987;2710;1683;88;0;2259.5
COKNT1927R;0;0;0;168;979;7855;11624;4421;3823;944;2011;0;2652.0833333333
COKNT1928R;0;200;186;400;208;9967;11684;7919;1245;3847;60;20;2978
COKNT1929R;0;0;50;894;1840;15860;8164;5027;2932;4102;693;10;3297.6666666667
COKNT1930R;8;0;0;101;2582;10235;6302;3697;3687;2363;20;3;2416.5
COKNT1931R;0;0;0;276;1308;8200;12795;9155;2196;1748;602;694;3081.1666666667
COKNT1932R;0;0;0;44;2631;8312;9102;3066;4066;3641;567;153;2631.8333333333
COKNT1933R;0;0;0;347;4467;12736;13344;5070;5101;2341;397;858;3721.75
COKNT1934R;136;0;0;22;222;12746;7612;4980;2033;1010;374;39;2431.1666666667
COKNT1935R;0;0;0;256;113;7584;9877;4046;2686;2937;63;68;2302.5
COKNT1936R;0;91;342;335;1485;12626;9914;4646;1843;2126;1476;121;2917.0833333333
COKNT1937R;0;0;0;1476;352;8224;15184;2823;1881;1971;50;20;2665.0833333333
COKNT1938R;0;0;46;390;2623;9417;9634;4238;3968;1421;492;0;2685.75
COKNT1939R;0;0;0;584;0;10084;8087;5282;1426;1926;609;0;2333.1666666667
COKNT1940R;0;0;0;78;750;7087;11476;13578;1135;2235;1129;71;3128.25
COKNT1941R;79;0;0;91;572;8745;4067;4730;2165;1275;375;247;1862.1666666667
COKNT1942R;0;3;0;447;519;12096;10871;4118;1820;910;280;32;2591.3333333333
COKNT1943R;272;108;0;3;5750;10500;9385;3112;4931;2490;903;0;3121.1666666667
COKNT1944R;0;0;116;1;1036;9900;11064;4041;514;3312;860;136;2581.6666666667
COKNT1945R;59;0;0;37;325;12168;13373;5205;3122;690;763;0;2978.5
COKNT1946R;0;0;405;625;814;13801;8872;8914;2076;1890;3022;539;3413.1666666667
COKNT1947R;0;59;53;1008;220;7925;10012;7979;3478;480;0;187;2616.75
COKNT1948R;141;0;148;151;320;9265;10930;7672;3367;489;1983;0;2872.1666666667
COKNT1949R;0;0;0;6;4626;8770;12549;4580;4935;910;240;0;3051.3333333333
COKNT1950R;0;0;0;22;1606;10663;14294;3283;5860;830;472;0;3085.8333333333
COKNT1951R;0;0;0;308;743;11188;12341;3582;2053;2093;377;0;2723.75
COKNT1952R;0;0;0;313;1259;10463;7374;4985;367;2346;0;121;2269
COKNT1953R;0;0;0;213;63;6695;17185;3855;1853;2538;6;0;2700.6666666667
COKNT1954R;37;0;113;745;695;5895;11558;6947;3402;1930;20;55;2616.4166666667
COKNT1955R;0;0;3;270;3412;12280;8097;7384;4721;3458;673;0;3358.1666666667
COKNT1956R;0;0;0;295;6002;10291;9830;3830;1978;2063;1023;0;2942.6666666667
COKNT1957R;0;0;20;12;1653;8182;9697;6835;775;1165;1546;11;2491.3333333333
COKNT1958R;4;0;0;63;2426;10684;8710;6684;2893;984;893;22;2780.25
COKNT1959R;0;0;0;60;2408;10850;14175;5247;3677;547;350;181;3124.5833333333
COKNT1960R;0;0;73;330;4862;7440;8580;4533;5007;1318;515;0;2721.5
COKNT1961R;0;0;0;342;6557;1287;116095;7730;7997;3732;181;17;11994.8333333333
COKNT1962R;6;329;0;35;5050;3731;10207;10253;4342;2648;55;1065;3143.4166666667
COKNT1963R;0;0;217;660;1230;7340;7540;9412;1595;2246;170;165;2547.9166666667
COKNT1964R;0;0;0;11;824;7667;7634;8135;4082;2281;296;327;2604.75
COKNT1965R;65;0;0;17;490;7832;8104;5495;1561;141;227;2196;2177.3333333333
COKNT1966R;0;0;0;55;1259;7227;10032;2360;2343;1928;2273;460;2328.0833333333
COKNT1967R;0;0;0;20;519;8409;11895;5552;2961;1176;95;51;2556.5
COKNT1968R;0;0;0;524;6;9650;13815;3161;2070;2408;397;3;2669.5
COKNT1969R;0;0;0;385;500;8082;9167;3173;5767;400;649;12;2344.5833333333
COKNT1970R;0;0;0;60;3452;10107;11629;12700;3956;1313;394;0;3634.25
COKNT1971R;0;8;4;160;3217;10576;11713;5642;2186;437;20;48;2834.25
COKNT1972R;0;0;0;46;1173;8359;7992;5147;640;1548;290;18;2101.0833333333
COKNT1973R;0;0;0;277;539;8147;8807;11229;1633;1116;233;96;2673.0833333333
COKNT1974R;0;0;65;136;2766;6190;14425;6159;5242;2685;44;0;3142.6666666667
COKNT1975R;0;0;44;45;1398;17115;12488;11070;5555;2081;765;0;4213.4166666667
COKNT1976R;0;0;0;58;695;5949;10805;5417;3100;590;1100;317;2335.9166666667
COKNT1977R;0;0;10;347;966;9362;11860;3482;2856;2792;2877;0;2879.3333333333
COKNT1978R;0;1;0;0;4712;13918;11173;6152;2857;1011;731;457;3417.6666666667
COKNT1979R;0;0;0;71;29;9485;9777;4228;2183;1003;1134;0;2325.8333333333
COKNT1980R;0;0;0;3217;237;11523;7669;9394;1553;457;641;79;2897.5
COKNT1981R;8;0;0;6;460;12278;9332;8634;2468;1266;449;41;2911.8333333333
COKNT1982R;0;0;0;0;1983;9254;10900;12600;1005;775;910;0;3118.9166666667
COKNT1983R;0;0;0;4;197;5240;11513;12068;7722;1093;377;382;3216.3333333333
COKNT1984R;1;8;106;715;228;11045;7457;4742;1660;2578;35;0;2381.25
COKNT1985R;6;0;0;146;1269;10049;6265;6757;1238;3062;312;44;2429
COKNT1986R;0;0;24;6;407;9755;5877;7702;1365;332;2178;17;2305.25
COKNT1987R;0;0;0;0;324;11929;7890;7489;945;2768;875;60;2690
COKNT1988R;0;0;0;200;530;11939;10059;8817;5139;1226;8;0;3159.8333333333
COKNT1989R;0;0;37;70;669;12005;7799;8192;2923;250;110;6;2671.75
COKNT1990R;0;0;0;0;6072;8562;7242;9220;2003;2390;370;0;2988.25
COKNT1991R;0;0;0;495;1375;10720;12346;7802;630;933;382;15;2891.5
COKNT1992R;0;0;0;146;1025;10140;8740;8607;3207;1174;2261;0;2941.6666666667
COKNT1993R;0;0;108;312;689;6607;13966;4707;1728;3920;334;190;2713.4166666667
COKNT1994R;81;0;3;614;394;13943;11303;7777;1496;2728;262;0;3216.75
COKNT1995R;138;0;0;272;1250;9220;12261;6155;2261;1863;213;0;2802.75
COKNT1996R;0;0;0;13;166;11044;9952;4481;2791;2168;108;212;2577.9166666667
COKNT1997R;49;0;8;108;113;8465;12875;9122;1198;919;760;271;2824
COKNT1998R;0;0;0;5;522;13164;8660;4917;6375;2740;602;172;3096.4166666667
COKNT1999R;0;0;5;18;3935;11833;12841;3636;1388;2748;190;0;3049.5
COKNT2000R;81;0;0;247;2642;11284;8037;6134;1370;1345;25;18;2598.5833333333
COKNT2001R;50;0;0;778;2381;10505;8750;5824;1628;2371;405;0;2724.3333333333
COKNT2002R;0;5;0;170;2281;9892;4053;5227;1548;5370;188;0;2394.5
COKNT2003R;0;0;5;153;73;12058;10705;5179;2687;1450;265;0;2714.5833333333
COKNT2004R;0;4;16;37;4263;7995;7032;6250;1576;1446;412;0;2419.25
COKNT2005R;3;0;0;910;295;8680;10705;4217;3431;1417;308;0;2497.1666666667
COKNT2006R;19;0;15;2;4804;8770;7488;4931;5279;3100;820;0;2935.6666666667
COKNT2007R;1;0;9;320;1184;12231;6665;7328;7415;1730;404;11;3108.1666666667
COKNT2008R;0;21;1767;98;608;8933;6129;5685;2991;644;186;400;2288.5
COKNT2009R;0;0;177;178;1095;5213;13886;3921;5169;2435;1284;242;2800
COKNT2010R;153;0;13;560;883;7977;10850;5342;4832;3243;2100;101;3004.5
COKNT2011R;0;35;5;584;448;11791;9980;7634;5740;1491;862;0;3214.1666666667
